ID	lgth	out	in	long_cov	short1_cov	short1_Ocov	short2_cov	short2_Ocov	short3_cov	short3_Ocov	short4_cov	short4_Ocov	long_nb	short1_nb	short2_nb	short3_nb	short4_nb
1	3099	1	1	0.000000	443.400774	443.400774	0.000000	0.000000	0.000000	0.000000	0.000000	0.000000	0	0	0	0	0
2	2733	2	1	0.000000	494.424442	494.424442	0.000000	0.000000	0.000000	0.000000	0.000000	0.000000	0	0	0	0	0
3	1800	1	1	0.000000	504.811667	504.811667	0.000000	0.000000	0.000000	0.000000	0.000000	0.000000	0	0	0	0	0
4	3412	1	1	0.000000	430.740328	430.740328	0.000000	0.000000	0.000000	0.000000	0.000000	0.000000	0	0	0	0	0
5	10476	1	1	0.000000	448.942822	448.780355	0.000000	0.000000	0.000000	0.000000	0.000000	0.000000	0	0	0	0	0
6	2777	1	1	0.000000	445.687432	445.687432	0.000000	0.000000	0.000000	0.000000	0.000000	0.000000	0	0	0	0	0
7	2226	1	1	0.000000	420.748877	420.748877	0.000000	0.000000	0.000000	0.000000	0.000000	0.000000	0	0	0	0	0
8	1	2	2	0.000000	665.000000	665.000000	0.000000	0.000000	0.000000	0.000000	0.000000	0.000000	0	0	0	0	0
9	1044	1	1	0.000000	501.301724	501.301724	0.000000	0.000000	0.000000	0.000000	0.000000	0.000000	0	0	0	0	0
10	429	1	1	0.000000	384.659674	384.659674	0.000000	0.000000	0.000000	0.000000	0.000000	0.000000	0	0	0	0	0
11	4321	1	1	0.000000	428.541310	428.541310	0.000000	0.000000	0.000000	0.000000	0.000000	0.000000	0	0	0	0	0
12	455	1	0	0.000000	301.663736	301.663736	0.000000	0.000000	0.000000	0.000000	0.000000	0.000000	0	0	0	0	0
13	3899	1	1	0.000000	410.689408	410.642216	0.000000	0.000000	0.000000	0.000000	0.000000	0.000000	0	0	0	0	0
14	1085	1	1	0.000000	405.545622	405.545622	0.000000	0.000000	0.000000	0.000000	0.000000	0.000000	0	0	0	0	0
15	2095	1	1	0.000000	468.796659	468.796659	0.000000	0.000000	0.000000	0.000000	0.000000	0.000000	0	0	0	0	0
16	2835	1	1	0.000000	431.077954	431.077954	0.000000	0.000000	0.000000	0.000000	0.000000	0.000000	0	0	0	0	0
17	263	1	2	0.000000	691.942966	684.920152	0.000000	0.000000	0.000000	0.000000	0.000000	0.000000	0	0	0	0	0
18	629	1	1	0.000000	434.302067	434.302067	0.000000	0.000000	0.000000	0.000000	0.000000	0.000000	0	0	0	0	0
19	3	2	2	0.000000	959.666667	959.666667	0.000000	0.000000	0.000000	0.000000	0.000000	0.000000	0	0	0	0	0
20	12	1	1	0.000000	468.583333	468.583333	0.000000	0.000000	0.000000	0.000000	0.000000	0.000000	0	0	0	0	0
21	7	2	2	0.000000	916.000000	916.000000	0.000000	0.000000	0.000000	0.000000	0.000000	0.000000	0	0	0	0	0
22	8	1	1	0.000000	462.875000	462.875000	0.000000	0.000000	0.000000	0.000000	0.000000	0.000000	0	0	0	0	0
23	1348	1	1	0.000000	512.810089	512.810089	0.000000	0.000000	0.000000	0.000000	0.000000	0.000000	0	0	0	0	0
24	3762	1	1	0.000000	478.769537	478.769537	0.000000	0.000000	0.000000	0.000000	0.000000	0.000000	0	0	0	0	0
25	15	1	1	0.000000	539.000000	539.000000	0.000000	0.000000	0.000000	0.000000	0.000000	0.000000	0	0	0	0	0
26	1675	1	2	0.000000	897.291343	891.011940	0.000000	0.000000	0.000000	0.000000	0.000000	0.000000	0	0	0	0	0
27	2561	1	0	0.000000	444.689574	444.689574	0.000000	0.000000	0.000000	0.000000	0.000000	0.000000	0	0	0	0	0
28	6448	1	1	0.000000	476.299783	476.299783	0.000000	0.000000	0.000000	0.000000	0.000000	0.000000	0	0	0	0	0
29	2845	1	1	0.000000	471.592619	471.592619	0.000000	0.000000	0.000000	0.000000	0.000000	0.000000	0	0	0	0	0
30	378	1	1	0.000000	425.256614	425.256614	0.000000	0.000000	0.000000	0.000000	0.000000	0.000000	0	0	0	0	0
31	1712	1	1	0.000000	479.971379	479.971379	0.000000	0.000000	0.000000	0.000000	0.000000	0.000000	0	0	0	0	0
32	1413	1	1	0.000000	480.914367	480.914367	0.000000	0.000000	0.000000	0.000000	0.000000	0.000000	0	0	0	0	0
33	1463	1	1	0.000000	413.792208	413.792208	0.000000	0.000000	0.000000	0.000000	0.000000	0.000000	0	0	0	0	0
34	644	1	1	0.000000	412.600932	412.600932	0.000000	0.000000	0.000000	0.000000	0.000000	0.000000	0	0	0	0	0
35	2	2	2	0.000000	823.500000	823.500000	0.000000	0.000000	0.000000	0.000000	0.000000	0.000000	0	0	0	0	0
36	3661	1	1	0.000000	446.038241	446.038241	0.000000	0.000000	0.000000	0.000000	0.000000	0.000000	0	0	0	0	0
37	4190	2	1	0.000000	405.981862	405.981862	0.000000	0.000000	0.000000	0.000000	0.000000	0.000000	0	0	0	0	0
38	1689	1	1	0.000000	426.661930	426.661930	0.000000	0.000000	0.000000	0.000000	0.000000	0.000000	0	0	0	0	0
39	3721	1	1	0.000000	428.316313	428.316313	0.000000	0.000000	0.000000	0.000000	0.000000	0.000000	0	0	0	0	0
40	626	1	1	0.000000	391.484026	391.484026	0.000000	0.000000	0.000000	0.000000	0.000000	0.000000	0	0	0	0	0
41	882	1	1	0.000000	437.357143	437.357143	0.000000	0.000000	0.000000	0.000000	0.000000	0.000000	0	0	0	0	0
42	1949	1	1	0.000000	482.408415	482.408415	0.000000	0.000000	0.000000	0.000000	0.000000	0.000000	0	0	0	0	0
43	17	1	1	0.000000	757.882353	757.882353	0.000000	0.000000	0.000000	0.000000	0.000000	0.000000	0	0	0	0	0
44	2	1	2	0.000000	1193.500000	1193.500000	0.000000	0.000000	0.000000	0.000000	0.000000	0.000000	0	0	0	0	0
45	1	1	2	0.000000	1581.000000	1581.000000	0.000000	0.000000	0.000000	0.000000	0.000000	0.000000	0	0	0	0	0
46	14	3	2	0.000000	2202.142857	644.285714	0.000000	0.000000	0.000000	0.000000	0.000000	0.000000	0	0	0	0	0
47	1	2	1	0.000000	2166.000000	1084.000000	0.000000	0.000000	0.000000	0.000000	0.000000	0.000000	0	0	0	0	0
48	25	1	1	0.000000	1183.960000	855.160000	0.000000	0.000000	0.000000	0.000000	0.000000	0.000000	0	0	0	0	0
49	1	3	3	0.000000	1297.000000	1297.000000	0.000000	0.000000	0.000000	0.000000	0.000000	0.000000	0	0	0	0	0
50	16	2	1	0.000000	1156.187500	1156.187500	0.000000	0.000000	0.000000	0.000000	0.000000	0.000000	0	0	0	0	0
51	1171	1	1	0.000000	470.425278	470.425278	0.000000	0.000000	0.000000	0.000000	0.000000	0.000000	0	0	0	0	0
52	392	1	1	0.000000	427.645408	427.645408	0.000000	0.000000	0.000000	0.000000	0.000000	0.000000	0	0	0	0	0
53	1878	1	1	0.000000	421.577210	421.577210	0.000000	0.000000	0.000000	0.000000	0.000000	0.000000	0	0	0	0	0
54	569	1	1	0.000000	490.729350	490.729350	0.000000	0.000000	0.000000	0.000000	0.000000	0.000000	0	0	0	0	0
55	1	2	2	0.000000	884.000000	884.000000	0.000000	0.000000	0.000000	0.000000	0.000000	0.000000	0	0	0	0	0
56	1280	1	1	0.000000	418.347656	418.347656	0.000000	0.000000	0.000000	0.000000	0.000000	0.000000	0	0	0	0	0
57	1307	1	1	0.000000	1275.052793	1274.824024	0.000000	0.000000	0.000000	0.000000	0.000000	0.000000	0	0	0	0	0
58	213	1	1	0.000000	369.014085	369.014085	0.000000	0.000000	0.000000	0.000000	0.000000	0.000000	0	0	0	0	0
59	589	1	1	0.000000	376.332767	376.332767	0.000000	0.000000	0.000000	0.000000	0.000000	0.000000	0	0	0	0	0
60	616	1	1	0.000000	482.948052	482.948052	0.000000	0.000000	0.000000	0.000000	0.000000	0.000000	0	0	0	0	0
61	367	1	1	0.000000	451.365123	451.365123	0.000000	0.000000	0.000000	0.000000	0.000000	0.000000	0	0	0	0	0
62	1558	1	1	0.000000	441.759949	441.759949	0.000000	0.000000	0.000000	0.000000	0.000000	0.000000	0	0	0	0	0
63	691	1	1	0.000000	451.589001	451.589001	0.000000	0.000000	0.000000	0.000000	0.000000	0.000000	0	0	0	0	0
64	54	1	1	0.000000	522.277778	522.277778	0.000000	0.000000	0.000000	0.000000	0.000000	0.000000	0	0	0	0	0
65	1	1	2	0.000000	1031.000000	1031.000000	0.000000	0.000000	0.000000	0.000000	0.000000	0.000000	0	0	0	0	0
66	1	2	2	0.000000	1547.000000	1547.000000	0.000000	0.000000	0.000000	0.000000	0.000000	0.000000	0	0	0	0	0
67	3	2	2	0.000000	806.000000	806.000000	0.000000	0.000000	0.000000	0.000000	0.000000	0.000000	0	0	0	0	0
68	1	2	2	0.000000	953.000000	953.000000	0.000000	0.000000	0.000000	0.000000	0.000000	0.000000	0	0	0	0	0
69	643	1	1	0.000000	462.199067	461.194401	0.000000	0.000000	0.000000	0.000000	0.000000	0.000000	0	0	0	0	0
70	1	2	2	0.000000	953.000000	953.000000	0.000000	0.000000	0.000000	0.000000	0.000000	0.000000	0	0	0	0	0
71	187	1	1	0.000000	497.197861	497.197861	0.000000	0.000000	0.000000	0.000000	0.000000	0.000000	0	0	0	0	0
72	29	1	1	0.000000	157.896552	157.896552	0.000000	0.000000	0.000000	0.000000	0.000000	0.000000	0	0	0	0	0
73	1	2	2	0.000000	766.000000	766.000000	0.000000	0.000000	0.000000	0.000000	0.000000	0.000000	0	0	0	0	0
74	160	1	1	0.000000	444.456250	444.456250	0.000000	0.000000	0.000000	0.000000	0.000000	0.000000	0	0	0	0	0
75	738	1	1	0.000000	411.707317	411.707317	0.000000	0.000000	0.000000	0.000000	0.000000	0.000000	0	0	0	0	0
76	295	1	1	0.000000	476.322034	476.322034	0.000000	0.000000	0.000000	0.000000	0.000000	0.000000	0	0	0	0	0
77	20	1	1	0.000000	375.250000	375.250000	0.000000	0.000000	0.000000	0.000000	0.000000	0.000000	0	0	0	0	0
78	3	2	2	0.000000	772.333333	772.333333	0.000000	0.000000	0.000000	0.000000	0.000000	0.000000	0	0	0	0	0
79	55	1	1	0.000000	399.472727	399.472727	0.000000	0.000000	0.000000	0.000000	0.000000	0.000000	0	0	0	0	0
80	13	1	1	0.000000	312.923077	312.923077	0.000000	0.000000	0.000000	0.000000	0.000000	0.000000	0	0	0	0	0
81	18	1	1	0.000000	392.388889	392.388889	0.000000	0.000000	0.000000	0.000000	0.000000	0.000000	0	0	0	0	0
82	242	1	3	0.000000	394.913223	394.913223	0.000000	0.000000	0.000000	0.000000	0.000000	0.000000	0	0	0	0	0
83	161	1	1	0.000000	477.621118	477.621118	0.000000	0.000000	0.000000	0.000000	0.000000	0.000000	0	0	0	0	0
84	172	1	1	0.000000	448.651163	448.651163	0.000000	0.000000	0.000000	0.000000	0.000000	0.000000	0	0	0	0	0
85	57	1	1	0.000000	1717.561404	1675.245614	0.000000	0.000000	0.000000	0.000000	0.000000	0.000000	0	0	0	0	0
86	1	2	2	0.000000	2121.000000	2121.000000	0.000000	0.000000	0.000000	0.000000	0.000000	0.000000	0	0	0	0	0
87	317	2	1	0.000000	2686.567823	2610.485804	0.000000	0.000000	0.000000	0.000000	0.000000	0.000000	0	0	0	0	0
88	1	2	2	0.000000	810.000000	810.000000	0.000000	0.000000	0.000000	0.000000	0.000000	0.000000	0	0	0	0	0
89	121	1	1	0.000000	311.793388	311.793388	0.000000	0.000000	0.000000	0.000000	0.000000	0.000000	0	0	0	0	0
90	2	2	2	0.000000	732.000000	732.000000	0.000000	0.000000	0.000000	0.000000	0.000000	0.000000	0	0	0	0	0
91	3	2	2	0.000000	836.666667	836.666667	0.000000	0.000000	0.000000	0.000000	0.000000	0.000000	0	0	0	0	0
92	12	2	2	0.000000	740.750000	740.750000	0.000000	0.000000	0.000000	0.000000	0.000000	0.000000	0	0	0	0	0
93	33	1	1	0.000000	234.666667	234.666667	0.000000	0.000000	0.000000	0.000000	0.000000	0.000000	0	0	0	0	0
94	2	1	1	0.000000	2299.000000	679.000000	0.000000	0.000000	0.000000	0.000000	0.000000	0.000000	0	0	0	0	0
95	2	2	2	0.000000	934.000000	934.000000	0.000000	0.000000	0.000000	0.000000	0.000000	0.000000	0	0	0	0	0
96	1	1	2	0.000000	415.000000	260.000000	0.000000	0.000000	0.000000	0.000000	0.000000	0.000000	0	0	0	0	0
97	6	1	1	0.000000	1.000000	1.000000	0.000000	0.000000	0.000000	0.000000	0.000000	0.000000	0	0	0	0	0
98	3	2	2	0.000000	661.333333	661.333333	0.000000	0.000000	0.000000	0.000000	0.000000	0.000000	0	0	0	0	0
99	15	1	1	0.000000	1982.066667	1982.066667	0.000000	0.000000	0.000000	0.000000	0.000000	0.000000	0	0	0	0	0
100	1	2	2	0.000000	1020.000000	1020.000000	0.000000	0.000000	0.000000	0.000000	0.000000	0.000000	0	0	0	0	0
101	2	2	2	0.000000	783.000000	783.000000	0.000000	0.000000	0.000000	0.000000	0.000000	0.000000	0	0	0	0	0
102	6	2	4	0.000000	2174.833333	1489.333333	0.000000	0.000000	0.000000	0.000000	0.000000	0.000000	0	0	0	0	0
103	1	2	2	0.000000	791.000000	791.000000	0.000000	0.000000	0.000000	0.000000	0.000000	0.000000	0	0	0	0	0
104	2	2	2	0.000000	882.000000	882.000000	0.000000	0.000000	0.000000	0.000000	0.000000	0.000000	0	0	0	0	0
105	2	2	2	0.000000	682.500000	682.500000	0.000000	0.000000	0.000000	0.000000	0.000000	0.000000	0	0	0	0	0
106	7	2	1	0.000000	892.857143	153.000000	0.000000	0.000000	0.000000	0.000000	0.000000	0.000000	0	0	0	0	0
107	6	2	1	0.000000	158.666667	156.500000	0.000000	0.000000	0.000000	0.000000	0.000000	0.000000	0	0	0	0	0
108	24	2	1	0.000000	397.250000	397.250000	0.000000	0.000000	0.000000	0.000000	0.000000	0.000000	0	0	0	0	0
109	3	1	1	0.000000	4.000000	4.000000	0.000000	0.000000	0.000000	0.000000	0.000000	0.000000	0	0	0	0	0
110	3	1	1	0.000000	2.000000	2.000000	0.000000	0.000000	0.000000	0.000000	0.000000	0.000000	0	0	0	0	0
111	3	1	1	0.000000	1.000000	1.000000	0.000000	0.000000	0.000000	0.000000	0.000000	0.000000	0	0	0	0	0
112	1	2	2	0.000000	883.000000	883.000000	0.000000	0.000000	0.000000	0.000000	0.000000	0.000000	0	0	0	0	0
113	3	2	2	0.000000	810.333333	810.333333	0.000000	0.000000	0.000000	0.000000	0.000000	0.000000	0	0	0	0	0
114	1	2	2	0.000000	803.000000	803.000000	0.000000	0.000000	0.000000	0.000000	0.000000	0.000000	0	0	0	0	0
115	1	1	2	0.000000	1046.000000	1046.000000	0.000000	0.000000	0.000000	0.000000	0.000000	0.000000	0	0	0	0	0
116	57	1	1	0.000000	525.473684	525.473684	0.000000	0.000000	0.000000	0.000000	0.000000	0.000000	0	0	0	0	0
117	3	1	3	0.000000	1098.666667	782.333333	0.000000	0.000000	0.000000	0.000000	0.000000	0.000000	0	0	0	0	0
118	4	2	2	0.000000	1341.000000	601.250000	0.000000	0.000000	0.000000	0.000000	0.000000	0.000000	0	0	0	0	0
119	15	1	1	0.000000	428.666667	428.666667	0.000000	0.000000	0.000000	0.000000	0.000000	0.000000	0	0	0	0	0
120	1	2	2	0.000000	896.000000	896.000000	0.000000	0.000000	0.000000	0.000000	0.000000	0.000000	0	0	0	0	0
121	865	1	1	0.000000	421.473988	420.557225	0.000000	0.000000	0.000000	0.000000	0.000000	0.000000	0	0	0	0	0
122	1	1	2	0.000000	666.000000	666.000000	0.000000	0.000000	0.000000	0.000000	0.000000	0.000000	0	0	0	0	0
123	2	2	2	0.000000	682.500000	682.500000	0.000000	0.000000	0.000000	0.000000	0.000000	0.000000	0	0	0	0	0
124	15	1	1	0.000000	50.200000	50.200000	0.000000	0.000000	0.000000	0.000000	0.000000	0.000000	0	0	0	0	0
125	1	1	2	0.000000	79.000000	79.000000	0.000000	0.000000	0.000000	0.000000	0.000000	0.000000	0	0	0	0	0
