U00096.2	NODE_1_length_304_cov_2.404605
69908	318
70225	1
NA	NA
U00096.2	NODE_2_length_292_cov_2.082192
84148	306
84453	1
NA	NA
U00096.2	NODE_3_length_302_cov_2.456954
13804	1
14119	316
NA	NA
U00096.2	NODE_4_length_47_cov_1.340425
48013	1
48073	61
NA	NA
U00096.2	NODE_5_length_317_cov_3.574132
2655628	3
2655801	176
NA	NA
2655808	177
2655955	324
NA	NA
13173	331
13503	1
NA	NA
U00096.2	NODE_6_length_269_cov_1.684015
91309	1
91591	283
NA	NA
U00096.2	NODE_7_length_528_cov_3.179924
8474	542
9015	1
NA	NA
U00096.2	NODE_8_length_665_cov_4.517293
77926	679
78604	1
NA	NA
U00096.2	NODE_9_length_349_cov_2.484241
66215	1
66577	363
NA	NA
3748081	363
3748091	353
NA	NA
3748092	351
3748098	345
NA	NA
3748101	344
3748209	236
NA	NA
3748210	233
3748221	222
NA	NA
3748224	221
3748431	14
NA	NA
U00096.2	NODE_10_length_984_cov_2.207317
61790	998
62787	1
NA	NA
U00096.2	NODE_11_length_93_cov_2.559140
47250	1
47356	107
NA	NA
U00096.2	NODE_12_length_266_cov_2.646616
3850319	1
3850554	236
NA	NA
3850555	241
3850563	249
NA	NA
3850569	250
3850585	266
NA	NA
3850586	269
3850588	271
NA	NA
3850590	272
3850598	280
NA	NA
85812	280
86091	1
NA	NA
U00096.2	NODE_13_length_701_cov_3.174037
14419	1
15133	715
NA	NA
U00096.2	NODE_14_length_81_cov_1.530864
65406	95
65500	1
NA	NA
U00096.2	NODE_15_length_513_cov_2.752437
41139	1
41665	527
NA	NA
U00096.2	NODE_16_length_270_cov_2.770370
96582	284
96865	1
NA	NA
U00096.2	NODE_17_length_88_cov_1.647727
79176	1
79277	102
NA	NA
U00096.2	NODE_18_length_182_cov_1.263736
2184	196
2379	1
NA	NA
U00096.2	NODE_19_length_1307_cov_3.762816
15399	1
16719	1321
NA	NA
U00096.2	NODE_20_length_245_cov_2.322449
2793	1
3051	259
NA	NA
U00096.2	NODE_21_length_276_cov_2.398551
70258	290
70547	1
NA	NA
U00096.2	NODE_22_length_122_cov_2.672131
76916	1
77051	136
NA	NA
U00096.2	NODE_23_length_97_cov_2.391752
20570	1
20680	111
NA	NA
U00096.2	NODE_24_length_600_cov_2.350000
85061	614
85674	1
NA	NA
U00096.2	NODE_25_length_151_cov_2.086093
5879	165
6043	1
NA	NA
U00096.2	NODE_26_length_1044_cov_2.892720
88623	1058
89680	1
NA	NA
U00096.2	NODE_27_length_508_cov_2.061024
87136	522
87657	1
NA	NA
U00096.2	NODE_28_length_210_cov_2.047619
95941	1
96164	224
NA	NA
U00096.2	NODE_29_length_519_cov_2.591522
10768	533
11300	1
NA	NA
U00096.2	NODE_30_length_633_cov_2.565561
18431	647
19077	1
NA	NA
U00096.2	NODE_31_length_517_cov_2.141199
17116	531
17646	1
NA	NA
U00096.2	NODE_32_length_381_cov_3.091864
21518	1
21912	395
NA	NA
U00096.2	NODE_33_length_87_cov_2.218391
34895	101
34995	1
NA	NA
U00096.2	NODE_34_length_284_cov_1.098592
67701	298
67998	1
NA	NA
U00096.2	NODE_35_length_439_cov_3.207289
68274	453
68726	1
NA	NA
U00096.2	NODE_36_length_52_cov_1.480769
9029	1
9094	66
NA	NA
U00096.2	NODE_37_length_75_cov_1.706667
9083	1
9171	89
NA	NA
U00096.2	NODE_38_length_293_cov_1.716724
22791	1
23097	307
NA	NA
U00096.2	NODE_39_length_281_cov_1.188612
38192	1
38486	295
NA	NA
U00096.2	NODE_40_length_234_cov_1.799145
93842	1
94089	248
NA	NA
U00096.2	NODE_41_length_322_cov_1.667702
32286	336
32621	1
NA	NA
U00096.2	NODE_42_length_507_cov_2.897436
19144	521
19664	1
NA	NA
U00096.2	NODE_43_length_340_cov_2.167647
82867	1
83220	354
NA	NA
U00096.2	NODE_44_length_393_cov_1.659033
28544	1
28950	407
NA	NA
U00096.2	NODE_45_length_239_cov_1.782427
76392	253
76644	1
NA	NA
U00096.2	NODE_46_length_325_cov_2.409231
79502	339
79840	1
NA	NA
U00096.2	NODE_47_length_422_cov_2.132701
1775208	318
1775326	436
NA	NA
40280	436
40715	1
NA	NA
U00096.2	NODE_48_length_462_cov_1.900433
79889	476
80364	1
NA	NA
U00096.2	NODE_49_length_365_cov_1.386301
91590	379
91968	1
NA	NA
U00096.2	NODE_50_length_279_cov_2.157706
28080	1
28372	293
NA	NA
U00096.2	NODE_51_length_210_cov_1.990476
43821	1
44044	224
NA	NA
U00096.2	NODE_52_length_290_cov_1.803448
72206	304
72509	1
NA	NA
U00096.2	NODE_53_length_357_cov_2.067227
36729	371
37099	1
NA	NA
U00096.2	NODE_54_length_356_cov_1.707865
60518	1
60887	370
NA	NA
U00096.2	NODE_55_length_248_cov_1.342742
42764	262
43025	1
NA	NA
U00096.2	NODE_56_length_162_cov_1.790123
65577	1
65752	176
NA	NA
U00096.2	NODE_57_length_129_cov_1.666667
99540	143
99682	1
NA	NA
U00096.2	NODE_58_length_115_cov_1.408696
60110	129
60238	1
NA	NA
U00096.2	NODE_59_length_206_cov_1.868932
64209	220
64428	1
NA	NA
U00096.2	NODE_60_length_234_cov_2.175214
7170	248
7417	1
NA	NA
U00096.2	NODE_61_length_273_cov_1.095238
90731	1
91017	287
NA	NA
U00096.2	NODE_62_length_247_cov_2.384615
31579	261
31839	1
NA	NA
U00096.2	NODE_63_length_435_cov_2.075862
46321	1
46769	449
NA	NA
U00096.2	NODE_64_length_255_cov_1.607843
78687	269
78955	1
NA	NA
U00096.2	NODE_65_length_276_cov_1.771739
30588	1
30877	290
NA	NA
U00096.2	NODE_66_length_756_cov_2.567460
37327	770
38096	1
NA	NA
U00096.2	NODE_67_length_205_cov_1.775610
22475	1
22693	219
NA	NA
U00096.2	NODE_68_length_325_cov_2.575385
12499	1
12837	339
NA	NA
2656256	339
2656285	310
NA	NA
2656286	303
2656292	297
NA	NA
2656293	295
2656304	284
NA	NA
2656305	278
2656351	232
NA	NA
2656352	229
2656363	218
NA	NA
2656364	216
2656509	71
NA	NA
2656510	67
2656539	38
NA	NA
2656543	37
2656577	3
NA	NA
U00096.2	NODE_69_length_197_cov_1.309645
81025	211
81235	1
NA	NA
U00096.2	NODE_70_length_575_cov_3.881739
55754	589
56342	1
NA	NA
U00096.2	NODE_71_length_295_cov_1.701695
73438	1
73746	309
NA	NA
U00096.2	NODE_72_length_390_cov_1.789744
57016	404
57419	1
NA	NA
U00096.2	NODE_73_length_90_cov_3.244444
54016	104
54119	1
NA	NA
U00096.2	NODE_74_length_195_cov_2.425641
94297	209
94505	1
NA	NA
U00096.2	NODE_75_length_174_cov_2.609195
3982311	1
3982350	40
NA	NA
25558	188
25745	1
NA	NA
U00096.2	NODE_76_length_712_cov_2.518258
62800	726
63525	1
NA	NA
U00096.2	NODE_77_length_237_cov_1.430380
96285	1
96535	251
NA	NA
U00096.2	NODE_78_length_104_cov_2.480769
89885	118
90002	1
NA	NA
U00096.2	NODE_79_length_439_cov_2.380410
35109	1
35561	453
NA	NA
1462513	245
1462757	1
NA	NA
U00096.2	NODE_80_length_460_cov_1.595652
30116	474
30589	1
NA	NA
U00096.2	NODE_81_length_216_cov_2.032408
9195	1
9424	230
NA	NA
U00096.2	NODE_82_length_318_cov_2.933962
33673	1
34004	332
NA	NA
U00096.2	NODE_83_length_94_cov_2.925532
60946	1
61053	108
NA	NA
U00096.2	NODE_84_length_273_cov_1.846154
32995	1
33281	287
NA	NA
U00096.2	NODE_85_length_277_cov_1.339350
997	291
1287	1
NA	NA
U00096.2	NODE_86_length_106_cov_1.924528
32835	120
32954	1
NA	NA
U00096.2	NODE_87_length_272_cov_1.283088
27797	1
28082	286
NA	NA
U00096.2	NODE_88_length_406_cov_2.083744
5158	420
5577	1
NA	NA
U00096.2	NODE_89_length_81_cov_2.000000
2418	95
2512	1
NA	NA
U00096.2	NODE_90_length_62_cov_1.580645
81814	1
81889	76
NA	NA
U00096.2	NODE_91_length_78_cov_1.000000
61177	1
61268	92
NA	NA
U00096.2	NODE_92_length_275_cov_1.487273
95633	289
95921	1
NA	NA
U00096.2	NODE_93_length_231_cov_1.666667
3561	1
3805	245
NA	NA
U00096.2	NODE_94_length_86_cov_2.372093
71634	100
71733	1
NA	NA
U00096.2	NODE_95_length_113_cov_2.336283
83571	1
83697	127
NA	NA
U00096.2	NODE_96_length_86_cov_1.639535
55196	100
55295	1
NA	NA
U00096.2	NODE_97_length_414_cov_2.661836
11778	428
12205	1
NA	NA
U00096.2	NODE_98_length_220_cov_1.300000
25142	1
25375	234
NA	NA
U00096.2	NODE_99_length_249_cov_1.662651
31040	263
31302	1
NA	NA
U00096.2	NODE_100_length_306_cov_2.133987
58651	320
58970	1
NA	NA
U00096.2	NODE_101_length_190_cov_1.263158
26841	204
27044	1
NA	NA
U00096.2	NODE_102_length_225_cov_1.506667
54238	1
54476	239
NA	NA
U00096.2	NODE_103_length_247_cov_2.704453
46968	261
47228	1
NA	NA
U00096.2	NODE_104_length_304_cov_2.401316
75070	318
75387	1
NA	NA
U00096.2	NODE_105_length_297_cov_2.313131
29748	1
30058	311
NA	NA
U00096.2	NODE_106_length_103_cov_1.650485
50146	1
50262	117
NA	NA
U00096.2	NODE_107_length_271_cov_1.583026
29424	1
29708	285
NA	NA
U00096.2	NODE_108_length_44_cov_2.000000
52062	1
52119	58
NA	NA
U00096.2	NODE_109_length_30_cov_1.766667
35079	44
35122	1
NA	NA
U00096.2	NODE_110_length_86_cov_1.744186
59594	100
59693	1
NA	NA
U00096.2	NODE_111_length_92_cov_2.445652
73156	1
73261	106
NA	NA
U00096.2	NODE_112_length_229_cov_1.855895
49639	1
49881	243
NA	NA
U00096.2	NODE_113_length_161_cov_2.024845
65972	1
66146	175
NA	NA
3748514	174
3748683	5
NA	NA
U00096.2	NODE_114_length_358_cov_1.888268
50966	1
51337	372
NA	NA
U00096.2	NODE_115_length_238_cov_1.882353
95389	1
95640	252
NA	NA
U00096.2	NODE_116_length_88_cov_1.193182
45653	102
45754	1
NA	NA
U00096.2	NODE_117_length_722_cov_2.238227
24420	736
25155	1
NA	NA
U00096.2	NODE_118_length_167_cov_1.868263
71845	1
72025	181
NA	NA
U00096.2	NODE_119_length_337_cov_1.786350
42336	1
42686	351
NA	NA
U00096.2	NODE_120_length_122_cov_2.114754
35822	136
35957	1
NA	NA
U00096.2	NODE_121_length_109_cov_3.174312
3581453	1
3581575	123
NA	NA
20439	123
20561	1
NA	NA
U00096.2	NODE_122_length_86_cov_2.000000
87698	100
87797	1
NA	NA
U00096.2	NODE_123_length_86_cov_2.848837
20901	100
21000	1
NA	NA
U00096.2	NODE_124_length_31_cov_1.354839
11708	1
11752	45
NA	NA
U00096.2	NODE_125_length_275_cov_1.600000
68723	1
69011	289
NA	NA
U00096.2	NODE_126_length_228_cov_1.763158
86104	242
86345	1
NA	NA
U00096.2	NODE_127_length_248_cov_2.693548
75720	262
75981	1
NA	NA
U00096.2	NODE_128_length_86_cov_1.953488
99777	100
99876	1
NA	NA
U00096.2	NODE_129_length_86_cov_1.941860
43069	1
43168	100
NA	NA
U00096.2	NODE_130_length_221_cov_2.072398
13518	235
13752	1
NA	NA
U00096.2	NODE_131_length_245_cov_2.330612
34297	1
34555	259
NA	NA
U00096.2	NODE_132_length_195_cov_1.764103
9532	1
9740	209
NA	NA
U00096.2	NODE_133_length_65_cov_1.784615
52340	1
52418	79
NA	NA
U00096.2	NODE_134_length_305_cov_2.488525
58131	1
58449	319
NA	NA
U00096.2	NODE_135_length_80_cov_1.700000
96932	94
97025	1
NA	NA
U00096.2	NODE_136_length_115_cov_2.791304
63553	1
63681	129
NA	NA
U00096.2	NODE_137_length_327_cov_3.131499
3218	341
3558	1
NA	NA
U00096.2	NODE_139_length_245_cov_11.081633
3581895	1
3582153	259
NA	NA
19861	259
20119	1
NA	NA
U00096.2	NODE_140_length_221_cov_2.393665
84702	235
84936	1
NA	NA
U00096.2	NODE_141_length_81_cov_1.703704
27573	1
27667	95
NA	NA
U00096.2	NODE_142_length_437_cov_2.913043
21932	451
22382	1
NA	NA
U00096.2	NODE_143_length_77_cov_1.454545
38693	1
38783	91
NA	NA
U00096.2	NODE_145_length_179_cov_1.737430
38772	1
38964	193
NA	NA
U00096.2	NODE_146_length_79_cov_1.962025
90416	93
90508	1
NA	NA
U00096.2	NODE_147_length_249_cov_1.578313
49324	263
49586	1
NA	NA
U00096.2	NODE_148_length_321_cov_3.109034
54557	1
54891	335
NA	NA
U00096.2	NODE_149_length_321_cov_2.389408
3477932	8
3478041	117
NA	NA
3478048	118
3478071	141
NA	NA
3478072	152
3478082	162
NA	NA
3478083	177
3478090	184
NA	NA
3478093	185
3478097	189
NA	NA
3478098	193
3478106	201
NA	NA
3478117	202
3478182	267
NA	NA
48145	335
48479	1
NA	NA
U00096.2	NODE_151_length_126_cov_3.095238
1049705	1
1049784	80
NA	NA
19720	140
19859	1
NA	NA
289858	64
289921	1
NA	NA
U00096.2	NODE_152_length_86_cov_1.604651
30884	1
30983	100
NA	NA
U00096.2	NODE_153_length_129_cov_3.139535
145	1
287	143
NA	NA
U00096.2	NODE_154_length_65_cov_2.000000
38982	1
39060	79
NA	NA
U00096.2	NODE_155_length_301_cov_2.674419
23947	1
24261	315
NA	NA
U00096.2	NODE_157_length_33_cov_8.727273
1049397	1
1049443	47
NA	NA
20121	47
20167	1
NA	NA
U00096.2	NODE_158_length_267_cov_9.022472
3581562	1
3581842	281
NA	NA
20172	281
20452	1
NA	NA
U00096.2	NODE_159_length_252_cov_2.384921
89998	1
90263	266
NA	NA
U00096.2	NODE_160_length_472_cov_2.533898
35964	1
36449	486
NA	NA
U00096.2	NODE_161_length_359_cov_2.189415
53607	1
53979	373
NA	NA
U00096.2	NODE_162_length_520_cov_3.076923
10082	1
10615	534
NA	NA
U00096.2	NODE_163_length_160_cov_2.056250
9740	1
9913	174
NA	NA
U00096.2	NODE_164_length_338_cov_2.168639
23094	1
23445	352
NA	NA
U00096.2	NODE_165_length_268_cov_2.529851
83300	282
83581	1
NA	NA
U00096.2	NODE_166_length_108_cov_3.111111
18038	122
18159	1
NA	NA
U00096.2	NODE_167_length_265_cov_2.064151
80595	279
80873	1
NA	NA
U00096.2	NODE_168_length_86_cov_2.581395
48891	100
48990	1
NA	NA
U00096.2	NODE_169_length_101_cov_1.623762
65240	1
65354	115
NA	NA
U00096.2	NODE_170_length_294_cov_2.010204
26057	1
26364	308
NA	NA
U00096.2	NODE_171_length_327_cov_2.119266
75968	341
76308	1
NA	NA
U00096.2	NODE_172_length_345_cov_1.797101
92233	1
92591	359
NA	NA
U00096.2	NODE_173_length_234_cov_1.525641
44349	1
44596	248
NA	NA
U00096.2	NODE_174_length_66_cov_1.742424
93612	1
93691	80
NA	NA
U00096.2	NODE_175_length_284_cov_1.922535
74220	1
74517	298
NA	NA
U00096.2	NODE_176_length_193_cov_1.746114
81879	207
82085	1
NA	NA
U00096.2	NODE_178_length_66_cov_1.606061
43722	80
43801	1
NA	NA
U00096.2	NODE_179_length_33_cov_3.848485
48466	1
48512	47
NA	NA
U00096.2	NODE_180_length_217_cov_3.423963
67082	231
67312	1
NA	NA
U00096.2	NODE_181_length_555_cov_2.551351
51424	569
51992	1
NA	NA
U00096.2	NODE_182_length_280_cov_2.953571
607182	220
607190	228
NA	NA
607191	232
607217	258
NA	NA
607220	259
607255	294
NA	NA
16706	294
16999	1
NA	NA
U00096.2	NODE_183_length_61_cov_2.000000
82195	75
82269	1
NA	NA
U00096.2	NODE_184_length_260_cov_1.596154
50382	1
50655	274
NA	NA
U00096.2	NODE_185_length_257_cov_1.338521
1570	271
1840	1
NA	NA
U00096.2	NODE_186_length_80_cov_2.000000
60384	94
60477	1
NA	NA
U00096.2	NODE_187_length_68_cov_1.205882
63791	82
63872	1
NA	NA
U00096.2	NODE_189_length_88_cov_3.738636
76821	102
76922	1
NA	NA
U00096.2	NODE_190_length_250_cov_1.436000
82558	1
82821	264
NA	NA
U00096.2	NODE_191_length_108_cov_1.462963
385489	12
385583	106
NA	NA
72765	122
72886	1
NA	NA
U00096.2	NODE_192_length_69_cov_2.739130
36605	83
36687	1
NA	NA
U00096.2	NODE_193_length_255_cov_3.003922
97518	269
97786	1
NA	NA
U00096.2	NODE_197_length_190_cov_2.305263
59093	1
59296	204
NA	NA
U00096.2	NODE_198_length_86_cov_2.255814
98440	100
98539	1
NA	NA
U00096.2	NODE_199_length_298_cov_1.795302
57406	312
57717	1
NA	NA
U00096.2	NODE_200_length_156_cov_1.730769
73251	1
73420	170
NA	NA
U00096.2	NODE_201_length_86_cov_2.348837
64082	100
64181	1
NA	NA
U00096.2	NODE_202_length_53_cov_2.415094
56890	67
56956	1
NA	NA
U00096.2	NODE_203_length_88_cov_1.931818
48742	102
48843	1
NA	NA
U00096.2	NODE_204_length_49_cov_2.530612
25733	1
25795	63
NA	NA
2338359	1
2338375	17
NA	NA
2338376	19
2338380	23
NA	NA
2338381	28
2338416	63
NA	NA
2833112	1
2833128	17
NA	NA
2833129	22
2833170	63
NA	NA
3545909	63
3545971	1
NA	NA
U00096.2	NODE_205_length_115_cov_2.052174
25783	1
25911	129
NA	NA
U00096.2	NODE_206_length_315_cov_2.142857
77598	1
77926	329
NA	NA
U00096.2	NODE_207_length_205_cov_1.258537
6755	1
6973	219
NA	NA
U00096.2	NODE_208_length_277_cov_2.057762
46027	1
46317	291
NA	NA
U00096.2	NODE_209_length_107_cov_2.719626
13038	121
13158	1
NA	NA
U00096.2	NODE_210_length_86_cov_2.220930
31952	100
32051	1
NA	NA
U00096.2	NODE_211_length_209_cov_1.894737
99265	1
99487	223
NA	NA
U00096.2	NODE_212_length_102_cov_3.578431
17902	1
18017	116
NA	NA
U00096.2	NODE_213_length_82_cov_1.292683
71762	1
71857	96
NA	NA
U00096.2	NODE_214_length_86_cov_2.430233
32165	100
32264	1
NA	NA
U00096.2	NODE_215_length_98_cov_2.459184
98777	1
98888	112
NA	NA
U00096.2	NODE_216_length_334_cov_2.392215
53210	1
53557	348
NA	NA
U00096.2	NODE_218_length_91_cov_1.406593
91955	105
92059	1
NA	NA
U00096.2	NODE_219_length_86_cov_1.744186
56727	1
56826	100
NA	NA
U00096.2	NODE_220_length_81_cov_1.765432
18204	1
18298	95
NA	NA
U00096.2	NODE_221_length_86_cov_2.360465
41865	1
41964	100
NA	NA
U00096.2	NODE_222_length_86_cov_2.546512
8245	100
8344	1
NA	NA
U00096.2	NODE_223_length_86_cov_2.465116
77064	100
77163	1
NA	NA
U00096.2	NODE_224_length_41_cov_1.000000
80554	1
80608	55
NA	NA
U00096.2	NODE_225_length_120_cov_1.433333
6396	1
6529	134
NA	NA
U00096.2	NODE_226_length_106_cov_1.981132
32668	1
32787	120
NA	NA
U00096.2	NODE_227_length_131_cov_2.854962
93048	145
93192	1
NA	NA
U00096.2	NODE_228_length_86_cov_1.883721
64709	1
64808	100
NA	NA
U00096.2	NODE_229_length_20_cov_1.850000
59283	1
59316	34
NA	NA
U00096.2	NODE_230_length_358_cov_2.145252
480	1
851	372
NA	NA
U00096.2	NODE_231_length_213_cov_1.929577
59343	1
59569	227
NA	NA
U00096.2	NODE_232_length_68_cov_2.735294
5588	1
5669	82
NA	NA
698648	82
698729	1
NA	NA
U00096.2	NODE_233_length_49_cov_1.000000
97376	1
97438	63
NA	NA
U00096.2	NODE_234_length_83_cov_1.445783
35648	1
35744	97
NA	NA
U00096.2	NODE_235_length_86_cov_2.000000
54133	100
54232	1
NA	NA
U00096.2	NODE_236_length_89_cov_1.932584
79279	1
79381	103
NA	NA
U00096.2	NODE_237_length_263_cov_1.961977
86537	1
86813	277
NA	NA
U00096.2	NODE_238_length_123_cov_1.650406
72012	137
72148	1
NA	NA
U00096.2	NODE_239_length_74_cov_1.891892
47385	88
47472	1
NA	NA
U00096.2	NODE_240_length_138_cov_3.391304
290	152
441	1
NA	NA
U00096.2	NODE_241_length_102_cov_1.558824
74551	116
74666	1
NA	NA
U00096.2	NODE_242_length_99_cov_2.434343
20762	113
20874	1
NA	NA
U00096.2	NODE_244_length_46_cov_2.739130
20713	60
20772	1
NA	NA
U00096.2	NODE_245_length_191_cov_4.392670
5657	1
5861	205
NA	NA
U00096.2	NODE_246_length_30_cov_2.000000
55522	1
55565	44
NA	NA
U00096.2	NODE_247_length_101_cov_1.801980
18330	1
18444	115
NA	NA
U00096.2	NODE_248_length_90_cov_3.000000
4471	104
4574	1
NA	NA
U00096.2	NODE_249_length_51_cov_1.313725
34732	1
34796	65
NA	NA
U00096.2	NODE_250_length_47_cov_2.000000
94988	1
95048	61
NA	NA
U00096.2	NODE_251_length_39_cov_2.000000
67513	1
67565	53
NA	NA
U00096.2	NODE_252_length_90_cov_2.633333
41999	104
42102	1
NA	NA
U00096.2	NODE_253_length_86_cov_2.767442
21171	1
21270	100
NA	NA
U00096.2	NODE_254_length_105_cov_2.742857
92922	1
93040	119
NA	NA
U00096.2	NODE_255_length_73_cov_2.000000
94188	87
94274	1
NA	NA
U00096.2	NODE_258_length_25_cov_3.320000
66581	1
66619	39
NA	NA
U00096.2	NODE_259_length_24_cov_5.166667
66606	1
66643	38
NA	NA
66692	2
66728	38
NA	NA
5564	38
5600	2
NA	NA
2302493	37
2302529	1
NA	NA
U00096.2	NODE_260_length_108_cov_2.990741
64817	122
64938	1
NA	NA
U00096.2	NODE_261_length_89_cov_1.932584
8379	1
8481	103
NA	NA
U00096.2	NODE_262_length_39_cov_1.846154
65787	53
65839	1
NA	NA
U00096.2	NODE_263_length_49_cov_2.000000
50046	63
50108	1
NA	NA
U00096.2	NODE_264_length_86_cov_1.860465
76709	1
76808	100
NA	NA
U00096.2	NODE_265_length_87_cov_3.505747
36460	1
36560	101
NA	NA
U00096.2	NODE_266_length_86_cov_1.023256
25405	1
25504	100
NA	NA
U00096.2	NODE_267_length_89_cov_1.943820
17009	103
17111	1
NA	NA
U00096.2	NODE_268_length_75_cov_1.986667
89792	1
89880	89
NA	NA
U00096.2	NODE_269_length_43_cov_2.000000
94841	57
94897	1
NA	NA
U00096.2	NODE_270_length_86_cov_1.965116
61068	100
61167	1
NA	NA
U00096.2	NODE_271_length_91_cov_1.208791
50865	105
50969	1
NA	NA
U00096.2	NODE_272_length_84_cov_2.011905
98650	1
98747	98
NA	NA
U00096.2	NODE_273_length_99_cov_3.191919
9939	113
10051	1
NA	NA
U00096.2	NODE_274_length_100_cov_3.180000
21287	1
21400	114
NA	NA
U00096.2	NODE_275_length_86_cov_1.581395
55057	1
55156	100
NA	NA
U00096.2	NODE_276_length_106_cov_3.132076
4328	120
4447	1
NA	NA
U00096.2	NODE_277_length_57_cov_2.000000
52206	71
52276	1
NA	NA
U00096.2	NODE_278_length_86_cov_3.174419
44644	100
44743	1
NA	NA
U00096.2	NODE_279_length_19_cov_2.947368
66630	1
66662	33
NA	NA
U00096.2	NODE_280_length_59_cov_1.050847
42239	1
42311	73
NA	NA
U00096.2	NODE_281_length_41_cov_2.000000
97956	1
98010	55
NA	NA
U00096.2	NODE_282_length_86_cov_1.593023
94557	100
94656	1
NA	NA
U00096.2	NODE_283_length_86_cov_2.139535
43191	100
43290	1
NA	NA
U00096.2	NODE_284_length_86_cov_2.000000
21424	100
21523	1
NA	NA
U00096.2	NODE_285_length_79_cov_1.962025
99147	93
99239	1
NA	NA
U00096.2	NODE_286_length_72_cov_1.944444
27710	86
27795	1
NA	NA
U00096.2	NODE_287_length_44_cov_1.909091
10630	1
10687	58
NA	NA
U00096.2	NODE_290_length_69_cov_1.797101
34573	83
34655	1
NA	NA
U00096.2	NODE_291_length_89_cov_2.719101
6079	1
6181	103
NA	NA
U00096.2	NODE_292_length_39_cov_2.000000
46882	1
46934	53
NA	NA
U00096.2	NODE_293_length_34_cov_1.882353
58610	48
58657	1
NA	NA
U00096.2	NODE_294_length_68_cov_2.000000
93753	82
93834	1
NA	NA
U00096.2	NODE_295_length_54_cov_1.722222
43556	1
43623	68
NA	NA
U00096.2	NODE_296_length_188_cov_2.691489
3477684	14
3477870	200
NA	NA
48532	202
48733	1
NA	NA
U00096.2	NODE_297_length_81_cov_2.000000
22375	95
22469	1
NA	NA
U00096.2	NODE_298_length_54_cov_2.000000
60256	1
60323	68
NA	NA
U00096.2	NODE_299_length_104_cov_2.307692
5028	1
5145	118
NA	NA
U00096.2	NODE_300_length_65_cov_2.000000
21035	79
21113	1
NA	NA
U00096.2	NODE_301_length_33_cov_1.515152
24349	47
24395	1
NA	NA
U00096.2	NODE_302_length_35_cov_1.000000
65542	1
65590	49
NA	NA
U00096.2	NODE_303_length_84_cov_1.785714
98297	1
98394	98
NA	NA
U00096.2	NODE_304_length_86_cov_1.813954
49009	100
49108	1
NA	NA
U00096.2	NODE_305_length_86_cov_1.500000
2568	100
2667	1
NA	NA
U00096.2	NODE_306_length_84_cov_2.000000
12875	1
12972	98
NA	NA
U00096.2	NODE_307_length_61_cov_2.000000
44776	75
44850	1
NA	NA
U00096.2	NODE_308_length_109_cov_1.577982
97779	123
97901	1
NA	NA
U00096.2	NODE_309_length_86_cov_1.825581
65841	1
65940	100
NA	NA
3748719	100
3748805	14
NA	NA
U00096.2	NODE_310_length_66_cov_2.000000
45523	80
45602	1
NA	NA
U00096.2	NODE_311_length_73_cov_2.000000
39967	87
40053	1
NA	NA
U00096.2	NODE_312_length_77_cov_2.000000
26447	1
26537	91
NA	NA
