2000	0	15	1
ROADMAP 501
ROADMAP 502
ROADMAP 503
ROADMAP 504
ROADMAP 505
ROADMAP 506
ROADMAP 507
ROADMAP 508
503	0	79	86
-1503	27	85	34
ROADMAP 509
ROADMAP 510
ROADMAP 511
ROADMAP 512
ROADMAP 513
ROADMAP 514
ROADMAP 515
ROADMAP 516
505	0	49	86
-1505	11	85	53
ROADMAP 517
512	0	42	86
ROADMAP 518
ROADMAP 519
ROADMAP 520
-1512	0	81	-1
-1517	0	21	17
ROADMAP 521
1	0	46	86
-1001	34	79	67
ROADMAP 522
ROADMAP 523
ROADMAP 524
ROADMAP 525
ROADMAP 526
-502	0	76	-1
ROADMAP 527
ROADMAP 528
ROADMAP 529
ROADMAP 530
1505	0	44	86
-516	0	10	-1
-505	0	85	52
ROADMAP 531
1016	0	11	86
ROADMAP 532
ROADMAP 1001
ROADMAP 1002
ROADMAP 1003
ROADMAP 1004
ROADMAP 1005
ROADMAP 1006
ROADMAP 1007
ROADMAP 1008
ROADMAP 1009
ROADMAP 1010
ROADMAP 1011
ROADMAP 1012
ROADMAP 1013
ROADMAP 1014
-1011	41	45	33
ROADMAP 1015
ROADMAP 1016
ROADMAP 1017
ROADMAP 1018
ROADMAP 1019
ROADMAP 1020
ROADMAP 1021
ROADMAP 1022
ROADMAP 1023
ROADMAP 1024
ROADMAP 1025
ROADMAP 1026
4	0	31	47
ROADMAP 1027
ROADMAP 1028
ROADMAP 1029
-505	0	52	-1
ROADMAP 1030
1508	0	23	73
1503	0	0	10
ROADMAP 1031
ROADMAP 1032
ROADMAP 1501
ROADMAP 1502
ROADMAP 1503
ROADMAP 1504
ROADMAP 1505
ROADMAP 1506
ROADMAP 1507
ROADMAP 1508
1503	73	0	8
ROADMAP 1509
ROADMAP 1510
ROADMAP 1511
ROADMAP 1512
ROADMAP 1513
ROADMAP 1514
ROADMAP 1515
ROADMAP 1516
1505	58	0	28
ROADMAP 1517
1512	22	0	64
ROADMAP 1518
ROADMAP 1519
ROADMAP 1520
ROADMAP 1521
1001	48	0	38
ROADMAP 1522
ROADMAP 1523
ROADMAP 1524
ROADMAP 1525
ROADMAP 1526
ROADMAP 1527
ROADMAP 1528
ROADMAP 1529
ROADMAP 1530
ROADMAP 1531
ROADMAP 1532
ROADMAP 1533
ROADMAP 1534
ROADMAP 1535
ROADMAP 1536
ROADMAP 1537
1506	19	0	67
ROADMAP 1538
-1004	0	22	-1
ROADMAP 1539
1037	85	0	1
ROADMAP 1540
ROADMAP 1541
ROADMAP 1542
ROADMAP 1543
ROADMAP 1544
ROADMAP 1545
1013	0	34	86
ROADMAP 1546
ROADMAP 1547
ROADMAP 1548
1505	0	28	86
-516	0	10	-1
-505	0	85	68
ROADMAP 1549
-1520	0	52	-1
ROADMAP 1550
ROADMAP 1551
ROADMAP 1552
-516	0	5	-1
-505	0	85	10
ROADMAP 1553
ROADMAP 1554
ROADMAP 1555
ROADMAP 1556
ROADMAP 1557
1534	49	0	1
ROADMAP 1558
ROADMAP 1559
ROADMAP 1560
544	0	4	86
ROADMAP 1561
ROADMAP 1562
ROADMAP 1563
ROADMAP 1564
ROADMAP 1033
-1519	0	50	-1
ROADMAP 1034
1524	1	0	83
ROADMAP 1035
ROADMAP 1036
1516	0	21	58
1505	0	0	49
ROADMAP 1037
-539	20	47	-1
1516	20	0	8
ROADMAP 1038
ROADMAP 1039
ROADMAP 1040
ROADMAP 1041
ROADMAP 1042
1035	0	74	86
ROADMAP 1043
ROADMAP 1044
1009	0	30	86
ROADMAP 1045
ROADMAP 1046
ROADMAP 1047
-515	0	9	-1
ROADMAP 1048
-1527	34	85	33
ROADMAP 1049
ROADMAP 1050
ROADMAP 1051
ROADMAP 1052
ROADMAP 1053
ROADMAP 1054
ROADMAP 1055
ROADMAP 1056
ROADMAP 1057
ROADMAP 1058
ROADMAP 1059
ROADMAP 1060
ROADMAP 1061
ROADMAP 1062
ROADMAP 1063
1057	0	12	86
ROADMAP 1064
-532	0	21	-1
ROADMAP 533
ROADMAP 534
ROADMAP 535
ROADMAP 536
ROADMAP 537
506	0	25	86
ROADMAP 538
ROADMAP 539
-1516	0	32	-1
-1037	48	19	14
ROADMAP 540
ROADMAP 541
ROADMAP 542
ROADMAP 543
ROADMAP 544
ROADMAP 545
ROADMAP 546
ROADMAP 547
ROADMAP 548
1530	0	2	3
1530	18	21	27
-1029	19	32	-1
ROADMAP 549
-1522	27	78	19
ROADMAP 550
ROADMAP 551
1045	0	5	86
ROADMAP 552
1530	49	0	3
548	49	0	18
1530	49	21	27
548	49	18	19
-1029	49	32	23
ROADMAP 553
ROADMAP 554
ROADMAP 555
ROADMAP 556
1551	0	81	86
-551	21	4	-1
-1045	21	85	30
ROADMAP 557
534	0	78	86
-1534	49	85	56
ROADMAP 558
-1051	23	75	19
ROADMAP 559
ROADMAP 560
1544	13	0	73
ROADMAP 561
ROADMAP 562
ROADMAP 563
ROADMAP 564
-2	0	31	-1
ROADMAP 1565
ROADMAP 1566
ROADMAP 1567
ROADMAP 1568
ROADMAP 1569
ROADMAP 1570
ROADMAP 1571
ROADMAP 1572
ROADMAP 1573
1571	0	50	86
ROADMAP 1574
ROADMAP 1575
ROADMAP 1576
-1017	0	30	-1
ROADMAP 1577
ROADMAP 1578
ROADMAP 1579
1074	0	33	86
ROADMAP 1580
ROADMAP 1581
1035	48	0	15
ROADMAP 1582
554	0	1	86
ROADMAP 1583
ROADMAP 1584
ROADMAP 1585
ROADMAP 1586
ROADMAP 1587
ROADMAP 1588
ROADMAP 1589
ROADMAP 1590
ROADMAP 1591
ROADMAP 1592
-1090	37	0	-1
ROADMAP 1593
ROADMAP 1594
ROADMAP 1595
ROADMAP 1596
ROADMAP 1065
ROADMAP 1066
-516	0	7	-1
-505	0	85	7
ROADMAP 1067
-1516	0	43	-1
539	0	0	40
ROADMAP 1068
ROADMAP 1069
ROADMAP 1070
ROADMAP 1071
ROADMAP 1072
ROADMAP 1073
ROADMAP 1074
ROADMAP 1075
ROADMAP 1076
ROADMAP 1077
ROADMAP 1078
ROADMAP 1079
ROADMAP 1080
ROADMAP 1081
-544	0	0	-1
ROADMAP 1082
1068	0	16	43
ROADMAP 1083
523	54	0	20
ROADMAP 1084
1565	0	72	85
ROADMAP 1085
-513	0	11	-1
ROADMAP 1086
532	0	65	86
-1532	34	85	54
ROADMAP 1087
ROADMAP 1088
1069	24	0	43
ROADMAP 1089
ROADMAP 1090
-1592	1	36	-1
ROADMAP 1091
1565	71	0	15
ROADMAP 1092
-1064	41	57	21
ROADMAP 1093
ROADMAP 1094
-1006	4	85	57
ROADMAP 1095
ROADMAP 1096
ROADMAP 565
ROADMAP 566
ROADMAP 567
ROADMAP 568
ROADMAP 569
ROADMAP 570
ROADMAP 571
ROADMAP 572
ROADMAP 573
571	41	0	45
ROADMAP 574
ROADMAP 575
ROADMAP 576
1060	0	56	81
ROADMAP 577
ROADMAP 578
-8	10	1	0
ROADMAP 579
ROADMAP 580
ROADMAP 581
-1042	0	47	-1
-1035	0	85	52
ROADMAP 582
1554	0	7	85
ROADMAP 583
ROADMAP 584
ROADMAP 585
ROADMAP 586
ROADMAP 587
1028	2	26	29
ROADMAP 588
ROADMAP 589
ROADMAP 590
-1013	0	55	-1
ROADMAP 591
ROADMAP 592
-548	0	7	-1
-1530	0	2	-1
-552	0	48	-1
ROADMAP 593
ROADMAP 594
ROADMAP 595
ROADMAP 596
ROADMAP 1097
ROADMAP 1098
1535	20	0	66
ROADMAP 1099
ROADMAP 1100
ROADMAP 1101
ROADMAP 1102
-1047	0	7	-1
515	0	0	60
ROADMAP 1103
ROADMAP 1104
1594	25	0	61
ROADMAP 1105
ROADMAP 1106
ROADMAP 1107
ROADMAP 1108
ROADMAP 1109
ROADMAP 1110
ROADMAP 1111
ROADMAP 1112
558	26	0	23
-1051	26	75	44
ROADMAP 1113
ROADMAP 1114
ROADMAP 1115
ROADMAP 1116
ROADMAP 1117
ROADMAP 1118
ROADMAP 1119
1113	0	55	59
ROADMAP 1120
-1541	43	85	42
ROADMAP 1121
1592	0	18	37
-1090	0	0	-1
1592	0	37	60
ROADMAP 1122
ROADMAP 1123
1599	0	41	85
-1090	1	39	28
ROADMAP 1124
ROADMAP 1125
ROADMAP 1126
ROADMAP 1127
544	0	23	86
1560	0	0	4
ROADMAP 1128
ROADMAP 1597
ROADMAP 1598
ROADMAP 1599
ROADMAP 1600
-1578	3	85	8
ROADMAP 1601
ROADMAP 1602
ROADMAP 1603
ROADMAP 1604
-1017	73	85	72
ROADMAP 1605
ROADMAP 1606
ROADMAP 1607
ROADMAP 1608
ROADMAP 1609
ROADMAP 1610
ROADMAP 1611
ROADMAP 1612
ROADMAP 1613
600	21	0	65
ROADMAP 1614
1515	0	35	44
ROADMAP 1615
587	41	0	2
1028	41	26	29
587	41	2	23
ROADMAP 1616
-1501	0	5	-1
ROADMAP 1617
ROADMAP 1618
ROADMAP 1619
ROADMAP 1620
ROADMAP 1621
1023	43	0	41
ROADMAP 1622
-1542	14	74	50
ROADMAP 1623
1103	82	0	4
ROADMAP 1624
ROADMAP 1625
1615	4	0	41
587	4	0	2
1028	4	26	29
587	4	2	38
ROADMAP 1626
ROADMAP 1627
-1610	13	79	28
ROADMAP 1628
-1068	6	67	-1
ROADMAP 597
1072	0	44	79
ROADMAP 598
ROADMAP 599
-1592	0	53	36
1090	0	0	1
-1592	0	36	-1
1090	0	1	32
ROADMAP 600
ROADMAP 601
ROADMAP 602
ROADMAP 603
ROADMAP 604
-1576	0	27	-1
1017	0	0	58
ROADMAP 605
ROADMAP 606
-1504	0	78	2
ROADMAP 607
-1568	0	19	-1
ROADMAP 608
ROADMAP 609
ROADMAP 610
ROADMAP 611
ROADMAP 612
-598	7	85	7
ROADMAP 613
-1578	0	77	1
ROADMAP 614
-1047	0	12	-1
515	0	0	73
ROADMAP 615
1587	0	47	86
-587	34	82	71
ROADMAP 616
1020	0	18	29
ROADMAP 617
1019	0	68	75
ROADMAP 618
ROADMAP 619
ROADMAP 620
ROADMAP 621
-1601	0	22	-1
ROADMAP 622
ROADMAP 623
ROADMAP 624
ROADMAP 625
1587	0	34	86
615	0	0	34
ROADMAP 626
ROADMAP 627
1087	0	16	52
ROADMAP 628
ROADMAP 1129
ROADMAP 1130
ROADMAP 1131
ROADMAP 1132
-1076	66	82	62
ROADMAP 1133
ROADMAP 1134
505	0	26	86
516	0	0	10
ROADMAP 1135
1539	0	81	85
1037	0	0	13
ROADMAP 1136
ROADMAP 1137
ROADMAP 1138
ROADMAP 1139
ROADMAP 1140
-1124	18	23	-1
ROADMAP 1141
ROADMAP 1142
ROADMAP 1143
ROADMAP 1144
ROADMAP 1145
-519	0	46	-1
ROADMAP 1146
1511	69	0	17
ROADMAP 1147
ROADMAP 1148
ROADMAP 1149
ROADMAP 1150
1608	45	0	41
ROADMAP 1151
1547	0	56	86
-547	18	85	47
ROADMAP 1152
ROADMAP 1153
ROADMAP 1154
ROADMAP 1155
ROADMAP 1156
1542	0	44	75
-1622	0	13	-1
-542	17	85	61
ROADMAP 1157
ROADMAP 1158
ROADMAP 1159
1028	2	0	63
ROADMAP 1160
ROADMAP 1629
1065	0	6	86
ROADMAP 1630
ROADMAP 1631
-1562	0	23	-1
ROADMAP 1632
-1558	14	70	7
ROADMAP 1633
ROADMAP 1634
1037	0	10	20
-539	0	47	-1
1516	0	0	28
ROADMAP 1635
ROADMAP 1636
ROADMAP 1637
ROADMAP 1638
1635	4	0	82
ROADMAP 1639
1521	56	0	30
ROADMAP 1640
ROADMAP 1641
627	0	35	49
1610	34	0	33
ROADMAP 1642
ROADMAP 1643
ROADMAP 1644
ROADMAP 1645
1060	59	0	27
ROADMAP 1646
ROADMAP 1647
-580	22	81	17
ROADMAP 1648
ROADMAP 1649
ROADMAP 1650
ROADMAP 1651
-1643	18	81	13
ROADMAP 1652
ROADMAP 1653
1122	0	43	86
ROADMAP 1654
ROADMAP 1655
1130	17	0	69
ROADMAP 1656
ROADMAP 1657
1533	0	56	86
-533	17	85	46
ROADMAP 1658
1586	59	0	24
ROADMAP 1659
502	0	77	86
ROADMAP 1660
ROADMAP 629
ROADMAP 630
ROADMAP 631
ROADMAP 632
1127	0	0	15
-1544	1	85	15
ROADMAP 633
1143	5	0	81
ROADMAP 634
-1505	0	83	-1
-1516	0	57	55
ROADMAP 635
ROADMAP 636
1524	0	85	86
-524	27	85	27
ROADMAP 637
ROADMAP 638
635	0	7	86
ROADMAP 639
521	0	24	34
-1001	0	79	3
ROADMAP 640
ROADMAP 641
610	0	48	86
1627	31	0	13
-1610	31	79	75
ROADMAP 642
1153	33	0	53
ROADMAP 643
-1098	0	13	-1
ROADMAP 644
ROADMAP 645
-576	20	44	3
ROADMAP 646
ROADMAP 647
-5	0	69	-1
ROADMAP 648
1064	0	26	58
-1092	0	40	-1
ROADMAP 649
ROADMAP 650
-1518	7	85	6
ROADMAP 651
1049	0	42	86
ROADMAP 652
-554	0	34	-1
ROADMAP 653
ROADMAP 654
ROADMAP 655
ROADMAP 656
-529	0	78	2
ROADMAP 657
533	60	0	26
ROADMAP 658
586	0	61	86
-1586	36	82	57
ROADMAP 659
1502	54	0	14
ROADMAP 660
ROADMAP 1161
ROADMAP 1162
-601	28	85	59
ROADMAP 1163
ROADMAP 1164
14	0	49	86
ROADMAP 1165
512	0	85	86
517	0	0	42
-1512	9	85	51
ROADMAP 1166
-637	21	85	23
ROADMAP 1167
1531	0	5	86
ROADMAP 1168
ROADMAP 1169
1088	79	0	3
ROADMAP 1170
-1007	0	81	-1
ROADMAP 1171
ROADMAP 1172
-1598	8	78	0
ROADMAP 1173
535	0	1	30
ROADMAP 1174
ROADMAP 1175
ROADMAP 1176
-1015	21	80	23
ROADMAP 1177
ROADMAP 1178
-1148	0	62	-1
ROADMAP 1179
ROADMAP 1180
-538	6	85	71
ROADMAP 1181
-1577	13	80	17
ROADMAP 1182
-1513	0	11	-1
ROADMAP 1183
ROADMAP 1184
-618	0	65	16
ROADMAP 1185
-1569	2	85	42
ROADMAP 1186
ROADMAP 1187
ROADMAP 1188
ROADMAP 1189
1089	0	33	86
1187	21	0	12
ROADMAP 1190
552	0	6	49
1530	0	0	3
548	0	0	18
1530	0	21	27
548	0	18	19
-1029	0	32	29
ROADMAP 1191
-577	0	22	-1
1034	34	0	1
1524	34	0	28
ROADMAP 1192
ROADMAP 1661
-10	0	14	-1
ROADMAP 1662
-1053	18	83	15
ROADMAP 1663
1155	0	84	86
ROADMAP 1664
505	0	74	86
516	0	0	11
-1505	0	85	24
ROADMAP 1665
ROADMAP 1666
1083	62	0	24
ROADMAP 1667
536	20	0	44
ROADMAP 1668
ROADMAP 1669
17	3	0	38
1604	3	0	45
ROADMAP 1670
ROADMAP 1671
-1592	0	26	-1
1090	0	1	40
-1123	0	0	-1
-1599	0	84	78
ROADMAP 1672
-620	0	55	-1
ROADMAP 1673
1152	0	12	86
ROADMAP 1674
1589	17	0	68
ROADMAP 1675
-1040	0	36	-1
ROADMAP 1676
ROADMAP 1677
535	0	77	86
-1535	41	85	55
ROADMAP 1678
ROADMAP 1679
1073	0	4	86
ROADMAP 1680
1013	0	69	86
1545	0	0	34
ROADMAP 1681
ROADMAP 1682
-1175	0	41	6
ROADMAP 1683
662	39	0	47
ROADMAP 1684
1172	0	3	8
-1598	0	78	-1
ROADMAP 1685
ROADMAP 1686
1131	0	83	86
1038	43	0	40
ROADMAP 1687
-679	8	71	-1
1570	8	0	6
ROADMAP 1688
645	29	0	20
-576	29	44	15
ROADMAP 1689
1024	21	0	65
ROADMAP 1690
ROADMAP 1691
ROADMAP 1692
1192	0	71	84
-1201	0	40	-1
1526	0	0	32
ROADMAP 1193
1161	0	38	81
ROADMAP 1194
579	45	0	41
ROADMAP 1195
-11	0	7	-1
ROADMAP 1196
ROADMAP 1197
ROADMAP 1198
-577	0	11	-1
1191	0	0	34
1034	0	0	1
1524	0	0	39
ROADMAP 1199
ROADMAP 1200
1199	0	41	81
ROADMAP 1201
-1192	41	83	38
ROADMAP 1202
-559	0	76	-1
ROADMAP 1203
-1516	0	49	-1
539	0	0	11
ROADMAP 1204
ROADMAP 1205
1065	0	2	72
ROADMAP 1206
-1518	0	13	-1
-1650	21	85	34
ROADMAP 1207
ROADMAP 1208
ROADMAP 1209
1571	36	0	16
ROADMAP 1210
ROADMAP 1211
-552	0	6	-1
592	0	0	26
-1592	33	72	52
ROADMAP 1212
1563	0	40	75
ROADMAP 1213
ROADMAP 1214
1642	14	0	68
ROADMAP 1215
ROADMAP 1216
-563	0	44	-1
ROADMAP 1217
ROADMAP 1218
512	10	0	76
ROADMAP 1219
1592	0	28	37
-1090	0	0	-1
1592	0	37	67
ROADMAP 1220
ROADMAP 1221
-539	0	11	-1
1516	0	0	58
1505	0	0	15
ROADMAP 1222
1564	0	65	85
-564	39	53	26
ROADMAP 1223
ROADMAP 1224
ROADMAP 661
ROADMAP 662
ROADMAP 663
-1636	0	80	-1
ROADMAP 664
-539	0	33	26
-539	15	11	-1
1516	15	0	52
ROADMAP 665
-1575	46	24	-1
ROADMAP 666
-523	0	79	-1
-1083	0	53	47
ROADMAP 667
1536	0	18	86
ROADMAP 668
-528	0	74	9
ROADMAP 669
-1576	0	0	-1
1017	0	0	51
ROADMAP 670
ROADMAP 671
1599	50	0	22
ROADMAP 672
-1640	0	28	-1
ROADMAP 673
ROADMAP 674
589	0	15	86
ROADMAP 675
ROADMAP 676
-602	3	85	2
ROADMAP 677
-643	0	23	-1
1098	0	0	20
1535	0	0	41
ROADMAP 678
ROADMAP 679
-1570	0	13	-1
ROADMAP 680
545	21	0	63
ROADMAP 681
ROADMAP 682
ROADMAP 683
-1053	0	43	-1
-662	28	85	71
ROADMAP 684
ROADMAP 685
ROADMAP 686
ROADMAP 687
570	0	84	86
-1570	28	85	29
ROADMAP 688
1645	0	44	59
1060	0	0	71
ROADMAP 689
24	0	22	86
ROADMAP 690
ROADMAP 691
-25	0	78	-1
ROADMAP 692
-502	0	24	-1
526	0	0	9
ROADMAP 1225
ROADMAP 1226
ROADMAP 1227
1540	0	17	85
ROADMAP 1228
ROADMAP 1229
1125	0	6	39
ROADMAP 1230
ROADMAP 1231
1228	0	50	80
575	34	0	22
ROADMAP 1232
1676	3	0	83
ROADMAP 1233
594	0	47	86
ROADMAP 1234
664	0	4	15
-539	0	11	-1
1516	0	0	46
ROADMAP 1235
ROADMAP 1236
1177	0	4	84
ROADMAP 1237
1186	0	6	86
ROADMAP 1238
ROADMAP 1239
ROADMAP 1240
-1547	0	31	-1
ROADMAP 1241
7	71	0	15
ROADMAP 1242
-1607	0	15	-1
ROADMAP 1243
-1707	7	36	34
ROADMAP 1244
-570	0	5	-1
ROADMAP 1245
ROADMAP 1246
ROADMAP 1247
1177	0	71	84
1236	0	0	1
711	0	0	65
ROADMAP 1248
ROADMAP 1249
-1154	0	6	-1
ROADMAP 1250
ROADMAP 1251
-1528	0	26	-1
ROADMAP 1252
-1077	5	84	3
ROADMAP 1253
-1119	5	79	44
ROADMAP 1254
9	44	0	42
ROADMAP 1255
ROADMAP 1256
-1594	0	38	-1
-1104	0	24	-1
ROADMAP 693
ROADMAP 694
-682	61	85	60
ROADMAP 695
1547	0	29	86
1151	0	0	18
-547	0	85	84
ROADMAP 696
-584	0	66	-1
ROADMAP 697
ROADMAP 698
ROADMAP 699
-1161	0	70	-1
ROADMAP 700
1521	0	4	48
1001	0	0	42
ROADMAP 701
ROADMAP 702
ROADMAP 703
-523	34	85	33
ROADMAP 704
-1547	0	26	-1
1240	0	0	48
ROADMAP 705
1569	11	0	75
ROADMAP 706
706	28	13	20
706	43	28	31
ROADMAP 707
ROADMAP 708
-1175	0	56	-1
ROADMAP 709
ROADMAP 710
ROADMAP 711
1177	0	64	84
1236	0	0	1
ROADMAP 712
1150	65	0	21
ROADMAP 713
-1171	52	49	27
ROADMAP 714
-1022	0	10	-1
ROADMAP 715
ROADMAP 716
-662	0	22	-1
-1683	0	38	-1
ROADMAP 717
635	0	53	86
638	0	0	7
-1635	12	85	51
ROADMAP 718
-643	12	71	-1
1098	12	0	2
ROADMAP 719
-1099	10	85	58
ROADMAP 720
ROADMAP 721
ROADMAP 722
ROADMAP 723
-3	0	30	-1
ROADMAP 724
ROADMAP 1693
ROADMAP 1694
ROADMAP 1695
547	57	0	29
ROADMAP 1696
ROADMAP 1697
ROADMAP 1698
ROADMAP 1699
ROADMAP 1700
1	0	29	86
521	0	0	29
ROADMAP 1701
-667	0	13	-1
-1536	0	85	13
ROADMAP 1702
ROADMAP 1703
1666	0	45	62
1083	0	0	54
ROADMAP 1704
ROADMAP 1705
569	0	13	86
ROADMAP 1706
ROADMAP 1707
ROADMAP 1708
682	0	50	71
ROADMAP 1709
ROADMAP 1710
ROADMAP 1711
-8	0	57	-1
ROADMAP 1712
-1608	24	85	23
ROADMAP 1713
ROADMAP 1714
ROADMAP 1715
1188	84	0	2
ROADMAP 1716
1181	8	0	13
-1577	8	80	15
ROADMAP 1717
-1007	0	31	-1
1170	0	0	4
1638	13	0	4
1635	13	0	33
ROADMAP 1718
1677	0	29	41
-1535	0	85	11
ROADMAP 1719
ROADMAP 1720
ROADMAP 1721
ROADMAP 1722
-1210	35	85	34
ROADMAP 1723
1063	0	1	12
ROADMAP 1724
ROADMAP 1257
-1144	32	44	28
ROADMAP 1258
1022	0	73	86
-22	10	85	61
ROADMAP 1259
672	0	22	57
-1672	31	25	9
ROADMAP 1260
680	27	0	21
545	27	0	38
ROADMAP 1261
-1207	0	0	-1
ROADMAP 1262
-1110	41	65	20
ROADMAP 1263
ROADMAP 1264
1572	19	0	67
ROADMAP 1265
ROADMAP 1266
-631	0	4	-1
ROADMAP 1267
-1601	0	1	-1
621	0	0	63
ROADMAP 1268
ROADMAP 1269
ROADMAP 1270
1538	0	24	63
1180	26	0	6
ROADMAP 1271
ROADMAP 1272
690	0	67	86
-1690	37	63	33
ROADMAP 1273
630	67	0	13
ROADMAP 1274
553	22	0	3
ROADMAP 1275
555	59	0	27
ROADMAP 1276
1697	0	27	66
ROADMAP 1277
1073	38	0	48
ROADMAP 1278
-1107	69	64	47
ROADMAP 1279
ROADMAP 1280
-1251	2	50	-1
1528	2	0	33
ROADMAP 1281
-1050	0	18	-1
ROADMAP 1282
1696	2	0	84
ROADMAP 1283
ROADMAP 1284
-1090	0	18	0
1592	0	0	37
-1090	0	0	-1
1592	0	37	67
ROADMAP 1285
ROADMAP 1286
-697	0	51	26
ROADMAP 1287
1056	0	10	86
ROADMAP 1288
686	0	85	86
-1038	1	72	-1
-1686	1	42	31
ROADMAP 725
ROADMAP 726
-620	82	52	49
ROADMAP 727
527	42	0	41
ROADMAP 728
-1217	0	47	-1
1563	0	0	38
ROADMAP 729
-1129	0	29	-1
ROADMAP 730
ROADMAP 731
-592	0	6	-1
552	0	0	49
1530	0	0	26
ROADMAP 732
ROADMAP 733
662	0	67	86
-683	0	27	-1
1053	0	0	39
ROADMAP 734
ROADMAP 735
ROADMAP 736
-1595	4	83	1
ROADMAP 737
-1716	0	6	-1
-577	15	85	21
ROADMAP 738
510	49	0	37
ROADMAP 739
-686	0	5	-1
ROADMAP 740
1267	0	8	13
-1023	0	52	-1
-1621	0	42	15
ROADMAP 741
690	0	40	86
1272	0	0	37
-1690	0	63	60
ROADMAP 742
1536	0	20	86
667	0	0	18
ROADMAP 743
-1501	0	3	-1
1616	0	0	77
20	0	0	5
ROADMAP 744
1011	0	28	46
-1014	0	40	-1
-11	18	84	81
ROADMAP 745
630	0	66	86
-1630	28	77	39
ROADMAP 746
1115	21	52	53
1546	64	24	31
-1550	67	46	40
ROADMAP 747
536	0	40	84
-742	6	1	-1
-667	6	17	-1
-1536	6	85	69
ROADMAP 748
-595	0	49	-1
ROADMAP 749
1147	55	0	31
ROADMAP 750
ROADMAP 751
ROADMAP 752
ROADMAP 753
-1062	0	38	-1
ROADMAP 754
-1515	0	12	-1
ROADMAP 755
1101	0	4	5
ROADMAP 756
-607	46	55	15
ROADMAP 1725
ROADMAP 1726
ROADMAP 1727
1527	0	61	86
-1048	0	33	-1
-527	10	85	68
ROADMAP 1728
-1212	27	39	-1
-1563	27	74	55
ROADMAP 1729
ROADMAP 1730
-1023	0	50	-1
-1621	0	42	20
ROADMAP 1731
-505	0	83	7
ROADMAP 1732
1217	0	74	86
1141	31	0	10
ROADMAP 1733
1662	32	0	18
-1053	32	83	47
ROADMAP 1734
ROADMAP 1735
ROADMAP 1736
-1626	0	9	-1
ROADMAP 1737
-1524	0	63	-1
-1034	0	0	-1
-1191	0	33	12
ROADMAP 1738
1510	0	40	86
-510	18	85	63
ROADMAP 1739
-1633	15	71	70
ROADMAP 1740
730	0	10	43
ROADMAP 1741
1690	52	0	4
ROADMAP 1742
1667	17	0	20
536	17	0	39
ROADMAP 1743
1020	0	22	29
616	0	0	74
-20	3	32	30
ROADMAP 1744
-1195	0	29	-1
11	0	0	49
ROADMAP 1745
ROADMAP 1746
1550	65	0	16
ROADMAP 1747
701	0	35	86
1536	2	0	33
ROADMAP 1748
ROADMAP 1749
ROADMAP 1750
-1533	0	48	-1
ROADMAP 1751
-611	0	43	-1
ROADMAP 1752
ROADMAP 1753
ROADMAP 1754
-1687	0	5	-1
-1679	31	3	-1
-1073	31	85	40
ROADMAP 1755
ROADMAP 1756
-1568	32	73	19
ROADMAP 1289
1546	25	30	31
ROADMAP 1290
ROADMAP 1291
ROADMAP 1292
-1111	0	78	-1
ROADMAP 1293
1530	0	0	3
548	0	0	18
1530	0	21	27
548	0	18	19
-1029	0	32	1
ROADMAP 1294
ROADMAP 1295
1092	0	20	41
-1064	0	57	2
ROADMAP 1296
1560	0	3	4
1127	0	0	15
632	0	0	1
-1544	0	85	21
ROADMAP 1297
-502	0	56	-1
526	0	0	9
692	0	0	20
ROADMAP 1298
ROADMAP 1299
1116	0	39	86
ROADMAP 1300
ROADMAP 1301
-528	16	85	15
ROADMAP 1302
ROADMAP 1303
-6	0	30	-1
ROADMAP 1304
1748	0	16	86
ROADMAP 1305
-673	0	81	-1
ROADMAP 1306
601	9	0	63
ROADMAP 1307
562	34	0	16
ROADMAP 1308
522	0	21	86
549	1	0	4
ROADMAP 1309
-11	0	42	-1
1195	0	0	43
ROADMAP 1310
1092	0	23	41
-1064	0	57	-1
532	0	0	5
ROADMAP 1311
ROADMAP 1312
552	0	21	49
1530	0	0	3
548	0	0	18
1530	0	21	25
ROADMAP 1313
-1562	0	76	-1
1631	0	0	9
ROADMAP 1314
626	15	0	35
ROADMAP 1315
1179	37	0	49
ROADMAP 1316
-1080	0	34	-1
ROADMAP 1317
ROADMAP 1318
605	68	0	18
ROADMAP 1319
505	0	66	86
516	0	0	11
-1505	0	85	84
ROADMAP 1320
1008	0	0	38
ROADMAP 1
ROADMAP 2
ROADMAP 3
ROADMAP 4
ROADMAP 5
ROADMAP 6
ROADMAP 7
ROADMAP 8
ROADMAP 9
ROADMAP 10
ROADMAP 11
ROADMAP 12
ROADMAP 13
545	0	12	81
ROADMAP 14
ROADMAP 15
-1619	0	54	8
ROADMAP 16
1531	2	0	84
ROADMAP 17
1604	38	0	48
ROADMAP 18
1603	38	0	43
ROADMAP 19
1617	0	65	86
-617	25	78	38
ROADMAP 20
1616	0	24	77
ROADMAP 21
-1139	29	58	1
ROADMAP 22
ROADMAP 23
-1601	6	69	-1
621	6	0	10
ROADMAP 24
ROADMAP 25
ROADMAP 26
-1538	0	17	-1
1004	0	0	68
ROADMAP 27
ROADMAP 28
ROADMAP 29
-1211	0	0	-1
-592	0	25	-1
552	0	0	49
1530	0	0	3
548	0	0	7
ROADMAP 30
503	0	39	86
508	0	0	27
-1503	0	85	83
ROADMAP 31
-670	0	25	-1
ROADMAP 32
-1613	0	20	-1
759	9	0	56
ROADMAP 757
1008	0	56	86
-8	17	85	46
ROADMAP 758
ROADMAP 759
-1613	0	12	-1
32	0	0	9
ROADMAP 760
ROADMAP 761
1302	0	15	77
ROADMAP 762
ROADMAP 763
1612	0	77	80
598	22	0	61
ROADMAP 764
ROADMAP 765
594	2	0	83
ROADMAP 766
1010	55	0	31
ROADMAP 767
ROADMAP 768
1070	0	20	86
ROADMAP 769
ROADMAP 770
1505	0	67	86
-516	0	10	-1
-505	0	85	29
ROADMAP 771
1042	0	24	64
-35	0	7	-1
1112	0	0	26
558	0	0	12
ROADMAP 772
694	4	0	61
-682	4	85	64
ROADMAP 773
ROADMAP 774
-24	0	77	-1
ROADMAP 775
ROADMAP 776
-652	10	50	-1
554	10	0	25
ROADMAP 777
686	0	40	86
1288	0	0	1
-1038	0	72	33
ROADMAP 778
-1078	0	25	-1
1587	41	0	19
ROADMAP 779
1073	0	74	86
1679	0	0	4
-1754	0	30	-1
1687	0	0	8
-679	0	71	40
ROADMAP 780
608	0	67	86
1712	21	0	24
-1608	21	85	63
ROADMAP 781
-1005	0	23	-1
ROADMAP 782
-1064	0	26	-1
532	0	0	59
ROADMAP 783
1757	0	34	46
-1711	0	17	-1
8	0	0	56
ROADMAP 784
1314	23	0	15
626	23	0	28
ROADMAP 785
ROADMAP 786
649	46	0	40
ROADMAP 787
1177	0	18	84
1236	0	0	1
711	0	0	19
ROADMAP 788
-1611	0	53	2
ROADMAP 1321
1643	0	47	82
-1651	0	17	-1
718	4	0	12
-643	4	71	65
ROADMAP 1322
-1543	24	17	-1
ROADMAP 1323
1706	17	0	69
ROADMAP 1324
-1571	0	25	-1
-1209	0	35	-1
ROADMAP 1325
ROADMAP 1326
-621	0	55	-1
1601	0	0	30
ROADMAP 1327
-1143	0	67	-1
-633	0	4	-1
ROADMAP 1328
-684	0	48	19
ROADMAP 1329
-1057	0	22	-1
ROADMAP 1330
1273	48	0	38
ROADMAP 1331
569	22	0	64
ROADMAP 1332
-2	0	10	-1
564	0	0	54
-1222	0	38	17
ROADMAP 1333
1621	0	6	43
1023	0	0	49
ROADMAP 1334
ROADMAP 1335
693	0	75	86
-1693	56	57	41
ROADMAP 1336
711	0	36	65
1247	0	0	7
1757	0	0	46
-1711	0	17	13
ROADMAP 1337
-1148	23	85	22
ROADMAP 1338
-1752	0	0	-1
ROADMAP 1339
1300	0	36	86
ROADMAP 1340
-7	0	55	-1
-1241	0	70	65
ROADMAP 1341
-1104	0	1	-1
1256	0	0	22
ROADMAP 1342
ROADMAP 1343
-1145	67	38	19
ROADMAP 1344
-505	0	73	-1
1029	0	0	12
ROADMAP 1345
-715	0	48	-1
ROADMAP 1346
ROADMAP 1347
1008	0	11	85
ROADMAP 1348
ROADMAP 1349
1773	0	43	86
ROADMAP 1350
-1100	0	68	-1
ROADMAP 1351
-584	43	80	37
ROADMAP 1352
-1677	0	32	-1
-535	0	85	32
ROADMAP 1757
1247	0	2	7
-1711	46	17	-1
8	46	0	17
ROADMAP 1758
-1248	13	20	-1
ROADMAP 1759
1032	0	4	86
ROADMAP 1760
ROADMAP 1761
-1745	0	37	-1
ROADMAP 1762
ROADMAP 1763
1598	0	4	60
ROADMAP 1764
1144	0	8	42
ROADMAP 1765
1594	0	6	85
-1233	3	34	30
ROADMAP 1766
10	0	63	86
-1010	38	85	60
ROADMAP 1767
-1694	0	6	-1
1095	1	0	69
ROADMAP 1768
-572	0	8	-1
ROADMAP 1769
-1061	0	39	-1
ROADMAP 1770
552	0	15	49
1530	0	0	3
548	0	0	18
1530	0	21	27
548	0	18	19
-1029	0	32	23
ROADMAP 1771
1051	20	0	66
ROADMAP 1772
-1767	0	0	-1
1694	0	0	43
ROADMAP 1773
ROADMAP 1774
ROADMAP 1775
-1243	21	76	57
ROADMAP 1776
1554	0	43	85
582	0	0	8
-1582	11	0	-1
-554	11	85	61
ROADMAP 1777
1131	0	50	86
1686	0	0	43
1038	0	0	7
ROADMAP 1778
587	0	57	83
-615	0	33	-1
-1587	0	85	59
ROADMAP 1779
687	0	27	28
-1570	0	85	0
ROADMAP 1780
712	0	60	65
1150	0	0	45
1608	0	0	32
ROADMAP 1781
ROADMAP 1782
1532	0	15	86
-1086	0	33	32
ROADMAP 1783
1008	0	21	86
757	0	0	17
-8	0	85	81
ROADMAP 1784
1626	0	36	86
ROADMAP 1785
-40	0	12	-1
ROADMAP 1786
1649	0	55	86
-649	39	85	69
ROADMAP 1787
1711	0	1	18
-1757	0	45	19
ROADMAP 1788
1210	12	11	14
ROADMAP 1789
705	3	0	11
1569	3	0	40
ROADMAP 1790
698	19	0	67
ROADMAP 1791
ROADMAP 1792
-9	0	68	-1
-1254	0	43	26
ROADMAP 1793
-1668	18	85	18
ROADMAP 1794
ROADMAP 1795
1633	0	5	72
-1739	0	14	12
ROADMAP 1796
1029	0	8	33
-548	0	18	17
-1530	0	26	20
-548	0	17	-1
-1530	0	2	-1
-552	0	48	15
ROADMAP 1797
-555	0	33	-1
-1275	0	58	6
ROADMAP 1798
-1126	0	51	-1
ROADMAP 1799
1091	0	30	71
1565	0	0	45
ROADMAP 1800
589	0	23	86
674	0	0	15
ROADMAP 1801
602	0	35	57
ROADMAP 1802
-1571	0	73	-1
-1209	0	35	23
ROADMAP 1803
ROADMAP 1804
-673	0	77	-1
1305	0	0	2
ROADMAP 1805
1624	0	15	54
ROADMAP 1806
ROADMAP 1807
ROADMAP 1808
ROADMAP 1809
-791	0	18	-1
ROADMAP 1810
-1530	0	24	-1
-552	0	48	-1
592	0	0	12
ROADMAP 1811
1604	0	29	46
ROADMAP 1812
-1238	48	81	50
ROADMAP 1813
ROADMAP 1814
647	0	14	16
580	10	0	74
ROADMAP 1815
ROADMAP 1816
-40	0	56	-1
1785	0	0	28
ROADMAP 1817
1726	23	0	34
ROADMAP 1818
ROADMAP 1819
1570	0	60	86
-687	0	27	-1
-570	0	85	54
ROADMAP 1820
629	0	58	86
-1629	22	5	-1
-1065	22	85	55
ROADMAP 789
1331	0	12	22
569	0	0	76
ROADMAP 790
1698	0	36	86
ROADMAP 791
ROADMAP 792
-1752	0	7	-1
1338	0	0	78
ROADMAP 793
-1724	0	18	-1
ROADMAP 794
-690	0	81	-1
ROADMAP 795
-1327	8	12	-1
633	8	0	5
1143	8	0	60
ROADMAP 796
1592	0	37	73
-1211	0	32	-1
-592	0	25	8
ROADMAP 797
ROADMAP 798
-1606	4	85	3
ROADMAP 799
-1084	35	35	-1
-1565	35	84	69
ROADMAP 800
1674	11	0	17
1589	11	0	58
ROADMAP 801
1602	38	0	40
ROADMAP 802
ROADMAP 803
ROADMAP 804
-27	21	85	31
ROADMAP 805
624	26	0	40
ROADMAP 806
-1620	0	4	-1
ROADMAP 807
ROADMAP 808
-661	0	26	-1
626	53	2	3
ROADMAP 809
ROADMAP 810
1592	0	3	37
-1090	0	0	-1
1592	0	37	50
ROADMAP 811
-1688	0	22	-1
-1576	5	34	-1
1017	5	0	23
ROADMAP 812
1238	83	0	3
ROADMAP 813
-809	0	41	-1
ROADMAP 814
1580	0	13	71
ROADMAP 815
-561	21	85	20
ROADMAP 816
785	0	55	86
-1785	51	66	62
ROADMAP 817
726	0	25	82
-620	0	52	49
726	0	82	83
1353	5	0	19
ROADMAP 818
ROADMAP 819
-1244	1	79	-1
570	1	0	5
ROADMAP 820
ROADMAP 1353
ROADMAP 1354
567	61	0	25
ROADMAP 1355
-1567	0	47	-1
ROADMAP 1356
1766	0	23	38
-1010	0	85	14
ROADMAP 1357
-574	0	25	-1
ROADMAP 1358
-1079	68	56	38
ROADMAP 1359
-1635	0	14	-1
-1638	0	3	-1
-1717	0	12	-1
-1170	0	3	-1
1007	0	0	40
ROADMAP 1360
-1204	42	46	2
ROADMAP 1361
1274	49	0	7
ROADMAP 1362
540	74	0	12
ROADMAP 1363
ROADMAP 1364
-1202	44	8	-1
559	44	0	32
ROADMAP 1365
623	0	59	86
-1103	8	29	-1
-1623	8	81	73
ROADMAP 1366
ROADMAP 1367
ROADMAP 1368
1061	0	13	86
ROADMAP 1369
1549	0	4	33
1522	6	0	51
ROADMAP 1370
1052	0	31	52
ROADMAP 1371
ROADMAP 1372
ROADMAP 1373
1054	35	0	16
ROADMAP 1374
-1814	0	3	-1
-647	0	15	-1
5	0	0	66
ROADMAP 1375
1726	0	43	47
-1353	22	57	1
ROADMAP 1376
-1631	0	34	-1
1562	0	0	51
ROADMAP 1377
-1213	55	66	35
ROADMAP 1378
ROADMAP 1379
-640	0	60	-1
ROADMAP 1380
1611	14	0	72
ROADMAP 1381
1536	0	30	86
667	0	0	18
742	0	0	2
-747	0	5	-1
-536	0	83	79
ROADMAP 1382
749	0	15	55
1147	0	0	46
ROADMAP 1383
665	10	0	46
-1575	10	24	-1
665	10	46	51
ROADMAP 1384
637	34	0	50
ROADMAP 1821
1153	0	60	85
-1642	6	71	16
ROADMAP 1822
ROADMAP 1823
1678	0	44	79
-678	26	85	60
ROADMAP 1824
-1114	0	83	-1
ROADMAP 1825
1275	0	27	59
555	0	0	54
ROADMAP 1826
723	0	13	55
-1723	43	74	73
ROADMAP 1827
1503	0	54	86
-508	0	26	-1
-503	0	85	58
ROADMAP 1828
-513	0	67	-1
1085	0	0	18
ROADMAP 1829
ROADMAP 1830
1505	0	2	78
ROADMAP 1831
ROADMAP 1832
-548	0	14	-1
-1530	0	2	-1
-552	0	48	-1
592	0	0	12
ROADMAP 1833
-1520	0	24	-1
1549	0	0	33
1369	0	0	6
1522	0	0	22
ROADMAP 1834
-1713	0	32	-1
ROADMAP 1835
-1089	0	16	-1
1076	8	0	30
ROADMAP 1836
ROADMAP 1837
1089	0	53	86
1189	0	0	21
1187	0	0	32
ROADMAP 1838
1372	10	0	76
ROADMAP 1839
ROADMAP 1840
1698	0	10	86
790	0	0	1
ROADMAP 1841
-567	36	80	30
ROADMAP 1842
1644	65	0	21
ROADMAP 1843
ROADMAP 1844
-1568	0	59	-1
607	0	0	26
ROADMAP 1845
1009	0	15	86
1044	0	0	15
ROADMAP 1846
ROADMAP 1847
589	7	0	79
ROADMAP 1848
14	28	0	44
ROADMAP 1849
ROADMAP 1850
-1628	38	17	5
1068	38	0	36
ROADMAP 1851
735	0	18	53
ROADMAP 1852
-1038	0	54	-1
-1686	0	42	11
ROADMAP 821
ROADMAP 822
-722	36	50	6
ROADMAP 823
678	59	0	27
ROADMAP 824
-1342	0	67	-1
ROADMAP 825
1555	0	31	86
-555	29	85	83
ROADMAP 826
1057	0	45	86
1063	0	0	12
1723	0	0	33
ROADMAP 827
503	55	0	31
ROADMAP 828
-1085	46	73	34
ROADMAP 829
-611	0	5	-1
1751	0	0	2
-751	61	85	68
ROADMAP 830
-1029	0	24	6
-1731	5	9	-1
505	5	8	47
ROADMAP 831
-1142	49	41	4
ROADMAP 832
1592	0	7	37
-1090	0	0	-1
1592	0	37	73
-1211	0	32	13
ROADMAP 833
522	0	55	86
1308	0	0	1
549	0	0	27
-1522	0	78	51
ROADMAP 834
ROADMAP 835
1132	17	0	32
ROADMAP 836
-1734	0	30	-1
ROADMAP 837
-1187	47	85	49
ROADMAP 838
ROADMAP 839
ROADMAP 840
1790	0	8	19
698	0	0	75
ROADMAP 841
1354	20	0	61
567	20	0	5
ROADMAP 842
644	0	44	81
-1644	28	85	64
ROADMAP 843
-1644	0	10	-1
-1842	0	64	-1
ROADMAP 844
1607	0	53	81
756	5	0	46
-607	5	55	48
ROADMAP 845
1254	0	12	44
9	0	0	54
ROADMAP 846
-1580	0	44	-1
ROADMAP 847
1589	0	13	74
ROADMAP 848
1014	0	31	41
-1011	0	45	-1
-1164	7	21	-1
-14	7	85	84
ROADMAP 849
1278	0	16	69
-1107	0	64	31
ROADMAP 850
ROADMAP 851
1735	22	0	64
ROADMAP 852
1131	28	0	58
ROADMAP 1385
-10	0	49	-1
1661	0	0	1
ROADMAP 1386
ROADMAP 1387
-1549	0	16	-1
1520	0	0	69
ROADMAP 1388
579	0	30	86
-1579	26	32	28
ROADMAP 1389
ROADMAP 1390
-506	0	9	-1
ROADMAP 1391
ROADMAP 1392
-1839	0	65	-1
ROADMAP 1393
-1523	0	59	-1
ROADMAP 1394
-1081	45	82	41
ROADMAP 1395
ROADMAP 1396
ROADMAP 1397
1362	0	39	74
540	0	0	45
ROADMAP 1398
1594	0	49	85
1765	0	0	3
-1233	0	34	-1
-594	0	85	73
ROADMAP 1399
-1145	0	34	-1
519	0	0	51
ROADMAP 1400
-1210	0	38	-1
822	17	0	15
ROADMAP 1401
-730	41	69	24
ROADMAP 1402
1695	6	0	43
ROADMAP 1403
ROADMAP 1404
1807	75	0	11
ROADMAP 1405
-1734	0	75	-1
836	0	0	10
ROADMAP 1406
ROADMAP 1407
-1720	0	52	-1
ROADMAP 1408
ROADMAP 1409
ROADMAP 1410
-1592	0	10	-1
1090	0	1	40
-1123	0	0	-1
-1599	0	84	60
ROADMAP 1411
1193	0	26	43
-1406	27	85	43
ROADMAP 1412
569	0	19	54
ROADMAP 1413
ROADMAP 1414
-505	0	63	-1
1029	0	0	19
ROADMAP 1415
-1271	0	60	-1
ROADMAP 1416
-785	0	24	-1
ROADMAP 1853
1531	0	69	86
1167	0	0	5
-531	18	10	-1
-1016	18	85	50
ROADMAP 1854
ROADMAP 1855
-665	0	41	-1
-1383	0	9	-1
ROADMAP 1856
1246	0	24	84
ROADMAP 1857
-762	45	85	44
ROADMAP 1858
555	0	61	86
-825	0	28	-1
-1555	0	85	53
ROADMAP 1859
1158	0	78	86
ROADMAP 1860
1276	0	39	47
-697	7	85	54
ROADMAP 1861
542	0	33	86
-1156	0	16	-1
1622	0	0	1
ROADMAP 1862
ROADMAP 1863
-1758	0	27	12
1248	0	0	21
-1758	0	12	10
ROADMAP 1864
671	2	32	50
1599	2	0	44
1599	17	59	66
ROADMAP 1865
1561	14	0	55
ROADMAP 1866
1077	0	24	85
-1252	0	4	-1
ROADMAP 1867
-730	0	19	-1
1046	6	0	35
ROADMAP 1868
-693	0	54	-1
1669	27	0	3
17	27	0	1
ROADMAP 1869
1261	0	20	26
ROADMAP 1870
10	0	82	86
1766	0	0	38
-1010	0	85	41
ROADMAP 1871
-619	38	85	37
ROADMAP 1872
27	0	43	86
-804	0	20	-1
ROADMAP 1873
730	0	55	70
-1401	0	40	-1
1621	5	0	25
ROADMAP 1874
-5	3	85	2
ROADMAP 1875
1217	0	29	50
ROADMAP 1876
-1650	0	48	-1
1056	8	0	29
ROADMAP 1877
591	0	48	86
-1591	37	85	74
ROADMAP 1878
-1803	0	67	-1
ROADMAP 1879
ROADMAP 1880
ROADMAP 1881
863	0	54	86
ROADMAP 1882
1095	0	42	69
1767	0	1	10
-767	24	85	65
ROADMAP 1883
841	2	0	20
1354	2	0	61
567	2	0	3
ROADMAP 1884
867	0	5	7
-1046	19	85	20
ROADMAP 853
-1670	0	16	-1
1016	41	0	28
ROADMAP 854
ROADMAP 855
1228	0	69	80
1231	0	0	34
575	0	0	40
ROADMAP 856
-818	12	85	11
ROADMAP 857
762	74	0	12
ROADMAP 858
-1612	0	59	-1
1555	17	0	9
ROADMAP 859
ROADMAP 860
-503	0	6	-1
-827	0	54	15
ROADMAP 861
622	0	64	86
1542	17	0	47
ROADMAP 862
-1695	0	3	-1
-1402	0	5	-1
ROADMAP 863
ROADMAP 864
-1592	0	39	36
1090	0	0	1
-1592	0	36	-1
1090	0	1	40
ROADMAP 865
561	0	18	73
ROADMAP 866
ROADMAP 867
-1074	0	78	-1
ROADMAP 868
-1604	0	63	-1
-17	0	37	15
ROADMAP 869
ROADMAP 870
766	27	0	53
ROADMAP 871
619	67	0	17
ROADMAP 872
1027	36	0	40
ROADMAP 873
621	0	40	63
1267	0	0	13
-1023	0	52	11
ROADMAP 874
1647	0	0	22
-580	0	81	17
ROADMAP 875
732	0	45	86
-1141	2	79	36
ROADMAP 876
-1287	31	9	-1
-1056	31	85	40
ROADMAP 877
1591	42	0	43
ROADMAP 878
509	0	85	86
-1509	5	85	5
ROADMAP 879
ROADMAP 880
ROADMAP 881
-1758	21	63	18
ROADMAP 882
767	45	0	41
ROADMAP 883
1841	0	10	36
-567	0	80	20
ROADMAP 884
1401	0	13	41
-730	0	69	24
ROADMAP 1417
-785	0	26	-1
1416	0	0	46
ROADMAP 1418
-593	6	22	-1
-1370	28	64	29
ROADMAP 1419
-557	0	33	-1
-534	0	85	33
ROADMAP 1420
1108	31	0	25
ROADMAP 1421
1114	0	37	86
ROADMAP 1422
615	0	29	34
-587	0	82	1
ROADMAP 1423
-1273	0	19	-1
-1330	0	47	-1
ROADMAP 1424
-1717	0	7	-1
-1170	0	3	-1
1007	0	0	74
ROADMAP 1425
1020	3	0	29
616	3	0	44
ROADMAP 1426
1108	0	54	86
ROADMAP 1427
ROADMAP 1428
-1175	14	85	13
ROADMAP 1429
1115	25	36	72
ROADMAP 1430
1289	20	0	25
1546	20	30	31
1289	20	25	54
ROADMAP 1431
-579	0	69	-1
-1194	0	44	28
ROADMAP 1432
1163	0	8	61
586	13	0	20
ROADMAP 1433
1749	0	71	86
-1147	6	58	0
ROADMAP 1434
-1571	0	27	-1
-1209	0	35	-1
1324	0	0	22
ROADMAP 1435
-1028	0	12	-1
-1159	0	1	-1
1427	3	0	68
ROADMAP 1436
-1281	0	14	-1
1050	0	0	66
ROADMAP 1437
-1071	40	85	43
ROADMAP 1438
1438	69	10	12
ROADMAP 1439
ROADMAP 1440
-1586	0	23	-1
-1658	0	58	-1
ROADMAP 1441
1418	0	23	28
-1370	0	64	-1
-1052	0	51	35
ROADMAP 1442
-1307	44	69	35
ROADMAP 1443
-732	0	82	8
ROADMAP 1444
-755	0	84	-1
-1101	0	4	3
ROADMAP 1445
ROADMAP 1446
ROADMAP 1447
501	0	24	80
ROADMAP 1448
-1520	4	79	-1
1549	4	0	2
ROADMAP 1449
-1831	22	83	26
ROADMAP 1450
ROADMAP 1451
1550	0	14	47
-746	0	66	63
-1546	0	30	23
-746	0	63	26
ROADMAP 1452
1698	22	0	59
ROADMAP 1453
660	0	61	81
ROADMAP 1454
ROADMAP 1455
1298	0	80	86
ROADMAP 1456
-1366	12	85	26
ROADMAP 1457
-1294	0	37	-1
ROADMAP 1458
-1813	0	16	-1
1075	27	0	42
ROADMAP 1459
721	50	0	34
ROADMAP 1460
ROADMAP 1461
-1106	0	53	-1
1183	0	0	19
ROADMAP 1462
1812	4	0	48
-1238	4	81	47
ROADMAP 1463
706	0	41	43
706	0	28	31
706	0	43	76
-1706	39	85	76
ROADMAP 1464
-1572	0	79	-1
-1264	0	18	12
ROADMAP 1465
-1566	0	20	-1
1315	57	0	4
ROADMAP 1466
1251	0	39	51
-1280	0	1	-1
ROADMAP 1467
ROADMAP 1468
-1846	77	33	24
ROADMAP 1469
550	0	21	58
ROADMAP 1470
-1630	0	66	-1
-1745	0	85	68
ROADMAP 1471
-1249	83	53	50
ROADMAP 1472
-1429	49	5	-1
1914	49	0	10
-1115	49	85	78
923	52	0	11
ROADMAP 1473
635	33	0	53
ROADMAP 1474
-1177	0	46	-1
ROADMAP 1475
-544	0	82	-1
1081	0	0	3
ROADMAP 1476
-561	0	57	-1
-1815	11	85	68
ROADMAP 1477
1846	72	0	10
ROADMAP 1478
ROADMAP 1479
-1924	0	0	-1
1467	0	0	85
ROADMAP 1480
-1618	0	67	-1
ROADMAP 1885
-1303	0	53	-1
6	0	0	26
ROADMAP 1886
-1317	0	58	-1
ROADMAP 1887
1105	21	0	61
ROADMAP 1888
-1055	0	46	-1
ROADMAP 1889
1116	0	13	86
1299	0	0	13
ROADMAP 1890
-1192	0	53	-1
ROADMAP 1891
-1675	9	42	-1
1040	9	0	11
ROADMAP 1892
-749	0	25	-1
-1292	54	6	0
ROADMAP 1893
-1230	0	8	-1
ROADMAP 1894
-722	0	7	-1
-1822	40	85	47
ROADMAP 1895
1092	0	4	41
-1064	0	57	8
ROADMAP 1896
25	0	11	86
ROADMAP 1897
ROADMAP 1898
507	24	0	57
ROADMAP 1899
1580	0	68	71
814	0	0	27
1647	0	0	22
-580	0	81	47
ROADMAP 1900
-1838	0	6	-1
ROADMAP 1901
671	0	46	50
1599	0	0	44
1864	0	2	17
1599	0	59	82
ROADMAP 1902
631	0	9	86
ROADMAP 1903
ROADMAP 1904
-1648	38	18	-1
ROADMAP 1905
ROADMAP 1906
-1290	77	85	76
ROADMAP 1907
ROADMAP 1908
-910	0	32	-1
-665	0	60	45
1575	0	0	25
-665	0	45	32
ROADMAP 1909
-681	22	85	35
ROADMAP 1910
-1396	0	30	-1
1665	26	0	11
ROADMAP 1911
-1372	5	85	4
ROADMAP 1912
ROADMAP 1913
713	43	0	43
ROADMAP 1914
-1115	0	57	35
-1429	0	24	-1
-1115	10	85	68
ROADMAP 1915
-1316	0	46	-1
1080	0	0	39
ROADMAP 1916
-661	0	45	-1
808	0	0	40
ROADMAP 885
1006	0	78	86
-1094	0	3	-1
-6	39	85	52
ROADMAP 886
-1281	0	4	-1
1050	0	0	75
ROADMAP 887
1061	0	47	86
1368	0	0	13
ROADMAP 888
-1225	0	42	-1
ROADMAP 889
ROADMAP 890
-732	0	43	-1
ROADMAP 891
40	0	79	86
-1040	41	78	40
ROADMAP 892
-1031	0	28	-1
-1111	15	85	43
ROADMAP 893
-1815	0	52	-1
ROADMAP 894
1049	3	16	17
1822	57	0	28
ROADMAP 895
-1086	0	31	-1
-532	0	85	40
ROADMAP 896
1025	17	0	67
ROADMAP 897
-824	0	6	-1
1342	0	0	69
ROADMAP 898
1507	0	4	72
ROADMAP 899
-5	0	48	-1
647	0	0	16
1814	0	0	10
580	0	0	11
ROADMAP 900
-1323	0	4	-1
-900	35	14	11
ROADMAP 901
1211	0	23	33
-1592	0	72	36
1090	0	0	1
-1592	0	36	-1
1090	0	1	3
ROADMAP 902
-1562	0	11	-1
1631	0	0	62
ROADMAP 903
1442	12	0	44
-1307	12	69	39
ROADMAP 904
-755	0	16	-1
-1101	0	4	2
ROADMAP 905
ROADMAP 906
-1590	0	9	-1
1290	36	0	40
ROADMAP 907
ROADMAP 908
575	0	35	86
-1855	0	33	-1
ROADMAP 909
ROADMAP 910
-1575	0	13	-1
665	0	46	61
-1665	43	78	64
ROADMAP 911
-1900	39	72	38
ROADMAP 912
-1588	0	10	-1
ROADMAP 913
1713	0	11	75
1171	10	0	12
ROADMAP 914
-766	0	8	-1
-870	0	26	-1
1115	20	0	26
ROADMAP 915
-1080	77	85	76
ROADMAP 916
1808	0	15	86
ROADMAP 1917
-739	10	49	37
1306	68	0	6
ROADMAP 1918
1752	0	39	86
-752	35	79	75
ROADMAP 1919
1091	0	50	71
1565	0	0	65
ROADMAP 1920
-1794	23	85	22
ROADMAP 1921
543	0	34	86
ROADMAP 1922
720	0	59	86
-1720	38	85	64
ROADMAP 1923
-1032	0	35	-1
ROADMAP 1924
-1467	0	11	-1
ROADMAP 1925
1897	0	72	82
-897	40	7	-1
-1342	40	68	41
ROADMAP 1926
28	0	26	86
ROADMAP 1927
-1623	0	8	-1
ROADMAP 1928
1592	0	5	37
-1090	0	0	-1
1592	0	37	73
-1211	0	32	21
ROADMAP 1929
ROADMAP 1930
896	66	0	17
1025	66	0	3
ROADMAP 1931
-1025	0	20	-1
-896	0	16	-1
-1930	0	65	28
ROADMAP 1932
1693	0	3	58
-1335	0	55	45
ROADMAP 1933
ROADMAP 1934
1388	0	9	26
-1579	0	32	-1
-1074	0	85	49
ROADMAP 1935
ROADMAP 1936
-1741	0	45	-1
ROADMAP 1937
622	0	48	86
861	0	0	17
1542	0	0	31
ROADMAP 1938
ROADMAP 1939
-1187	0	39	-1
-1189	0	20	-1
-1089	0	85	60
ROADMAP 1940
9	0	74	86
1488	0	0	1
-1044	0	29	-1
-1009	0	85	42
ROADMAP 1941
ROADMAP 1942
ROADMAP 1943
1569	0	8	86
-1185	0	1	-1
-1705	1	12	7
ROADMAP 1944
-12	7	85	19
ROADMAP 1945
1013	0	53	86
1545	0	0	34
1680	0	0	18
ROADMAP 1946
534	5	0	81
ROADMAP 1947
ROADMAP 1948
1538	0	41	63
1270	0	0	26
1180	0	0	6
-538	0	85	71
ROADMAP 917
1601	0	69	70
-23	0	5	-1
1162	1	0	28
-601	1	85	35
ROADMAP 918
752	35	0	51
ROADMAP 919
565	0	36	42
799	14	0	35
-1084	14	35	4
ROADMAP 920
-1446	0	40	-1
ROADMAP 921
-1322	0	62	23
1543	0	0	18
-1322	0	23	-1
ROADMAP 922
-1407	15	32	-1
1720	15	0	38
ROADMAP 923
1430	21	0	20
1289	21	0	25
1546	21	30	31
1289	21	25	44
ROADMAP 924
ROADMAP 925
-1114	0	8	-1
1824	0	0	2
-824	29	17	-1
1342	29	0	28
ROADMAP 926
-1427	0	1	-1
-1435	0	2	-1
1159	0	0	2
1028	0	0	75
ROADMAP 927
ROADMAP 928
-1530	0	24	20
-548	0	17	-1
-1530	0	2	-1
-552	0	48	-1
592	0	0	12
ROADMAP 929
1155	1	0	85
ROADMAP 930
25	0	70	86
1896	0	0	5
-1025	16	85	36
ROADMAP 931
-1	0	48	-1
ROADMAP 932
693	0	2	86
1335	0	0	2
ROADMAP 933
-1035	0	47	-1
-1581	0	47	9
ROADMAP 934
1046	0	57	86
-1884	0	18	-1
-867	0	6	-1
1074	0	0	31
ROADMAP 935
ROADMAP 936
1599	49	43	44
ROADMAP 937
542	0	53	86
-1156	0	16	-1
1622	0	0	14
-1542	0	74	52
ROADMAP 938
-1589	0	30	-1
-1674	0	16	-1
-800	0	10	-1
ROADMAP 939
-1076	0	48	-1
-1835	0	7	-1
1089	0	0	29
ROADMAP 940
-1008	0	65	-1
1009	8	0	12
ROADMAP 941
ROADMAP 942
1186	0	52	86
1237	0	0	4
ROADMAP 943
1331	14	0	22
569	14	0	50
ROADMAP 944
-1696	0	69	-1
-1282	0	1	-1
ROADMAP 945
1260	0	21	27
680	0	0	21
545	0	0	58
ROADMAP 946
1534	0	17	86
-557	0	48	32
ROADMAP 947
ROADMAP 948
-626	0	5	-1
-1314	0	14	-1
-784	0	22	-1
538	32	0	10
ROADMAP 949
-583	10	57	-1
-1445	22	85	79
ROADMAP 950
591	55	0	31
ROADMAP 951
513	0	64	86
-1513	51	85	72
ROADMAP 952
827	0	47	55
503	0	0	78
ROADMAP 953
-1848	0	17	-1
1459	41	0	27
ROADMAP 954
1131	0	64	86
1686	0	0	43
1038	0	0	21
ROADMAP 955
-1391	75	85	79
ROADMAP 956
-1137	77	40	31
ROADMAP 957
1788	0	1	12
1210	0	11	14
1788	0	12	73
ROADMAP 958
-869	0	71	-1
ROADMAP 959
1409	46	0	37
ROADMAP 960
-807	20	61	37
ROADMAP 961
1143	0	77	86
1739	18	0	15
-1633	18	71	70
ROADMAP 962
655	0	17	85
-1130	9	79	70
ROADMAP 963
ROADMAP 964
1506	0	5	86
-537	2	24	21
ROADMAP 965
709	31	0	55
ROADMAP 966
-1315	0	8	-1
-1465	0	56	-1
1566	0	0	9
ROADMAP 967
1348	38	0	48
ROADMAP 968
1099	0	25	86
-719	0	9	-1
ROADMAP 969
1290	0	32	86
-1906	0	76	44
ROADMAP 970
1752	0	45	86
1918	0	0	35
-752	0	79	69
ROADMAP 971
-1131	0	37	-1
-852	0	27	-1
1194	12	0	8
ROADMAP 972
-1604	0	1	-1
-17	0	37	-1
-1669	0	2	-1
-1868	0	26	-1
693	0	0	16
ROADMAP 973
5	0	13	86
-1874	0	2	-1
ROADMAP 974
-1606	0	2	-1
-1798	33	33	-1
1126	33	0	16
ROADMAP 975
1733	35	0	32
1662	35	0	18
-1053	35	83	82
ROADMAP 976
1472	0	45	49
-1429	0	5	-1
1914	0	0	8
ROADMAP 977
ROADMAP 978
-1021	3	85	2
ROADMAP 979
-1290	0	77	-1
-906	0	35	27
ROADMAP 980
ROADMAP 1949
1445	18	0	68
ROADMAP 1950
1591	0	59	86
-1877	0	36	-1
-591	0	85	69
ROADMAP 1951
-1182	14	22	-1
1513	14	0	45
ROADMAP 1952
1503	0	10	86
-508	0	26	24
ROADMAP 1953
-721	0	83	0
ROADMAP 1954
686	0	44	86
1288	0	0	1
-1038	0	72	29
ROADMAP 1955
1391	29	0	57
ROADMAP 1956
1137	75	0	11
ROADMAP 1957
-1611	0	62	-1
-1380	0	13	12
ROADMAP 1958
-1117	3	85	2
ROADMAP 1959
ROADMAP 1960
-760	0	33	-1
ROADMAP 1961
739	0	18	80
1633	21	0	3
ROADMAP 1962
1655	24	0	17
1130	24	0	45
ROADMAP 1963
ROADMAP 1964
-1390	0	2	-1
506	0	0	83
ROADMAP 1965
1709	0	18	84
ROADMAP 1966
566	0	76	86
-1566	31	85	40
ROADMAP 1967
-1348	73	85	72
ROADMAP 1968
1136	0	46	55
ROADMAP 1969
1906	72	0	14
ROADMAP 1970
918	1	0	35
752	1	0	50
ROADMAP 1971
-579	0	70	0
ROADMAP 1972
-1335	0	50	-1
-693	0	85	50
ROADMAP 1973
-781	0	20	-1
1005	0	0	65
ROADMAP 1974
ROADMAP 1975
662	0	80	86
-683	0	27	-1
1053	0	0	52
ROADMAP 1976
1923	0	8	50
-1289	1	78	36
ROADMAP 1977
1239	16	0	64
ROADMAP 1978
ROADMAP 1979
-1590	1	85	6
ROADMAP 1980
-1209	0	29	8
ROADMAP 33
-706	0	29	27
-706	0	42	27
-706	0	19	12
-706	0	27	-1
ROADMAP 34
524	0	0	86
ROADMAP 35
-558	0	11	-1
-1112	0	25	-1
-1042	8	63	23
ROADMAP 36
-1731	0	2	-1
505	0	8	86
ROADMAP 37
-1505	0	77	-1
-1516	0	57	49
ROADMAP 38
-739	0	28	-1
686	0	0	57
ROADMAP 39
ROADMAP 40
ROADMAP 41
ROADMAP 42
1051	0	17	76
-558	0	22	-1
-1112	0	25	21
ROADMAP 43
-1027	0	50	-1
-872	0	35	0
ROADMAP 44
1254	0	17	44
9	0	0	59
ROADMAP 45
1551	12	0	74
ROADMAP 46
-1579	0	14	-1
-1074	0	85	14
ROADMAP 47
1056	0	55	86
1287	0	0	10
-876	0	30	-1
ROADMAP 48
-546	0	64	-1
ROADMAP 49
-1643	0	49	-1
-651	21	41	26
ROADMAP 50
-1317	0	78	-1
1886	0	0	5
ROADMAP 51
1035	0	67	86
1042	0	0	22
ROADMAP 52
1418	49	0	6
-593	49	22	-1
1418	49	6	14
ROADMAP 53
975	48	0	35
1733	48	0	3
ROADMAP 54
-1371	0	8	-1
-947	9	68	0
ROADMAP 55
ROADMAP 56
1047	0	18	76
-47	21	13	6
ROADMAP 57
1826	0	1	43
-1723	0	74	30
ROADMAP 58
ROADMAP 59
ROADMAP 60
1576	0	17	35
-811	0	4	-1
1688	0	0	29
645	0	0	20
-576	0	44	33
ROADMAP 61
1105	0	32	84
ROADMAP 62
ROADMAP 63
723	0	44	55
1826	0	0	43
-1723	0	74	42
ROADMAP 64
-648	56	12	-1
1092	56	0	17
ROADMAP 65
629	0	11	86
1820	0	0	10
ROADMAP 66
552	0	16	49
1530	0	0	27
548	0	18	19
-1029	0	32	19
ROADMAP 67
1539	0	9	85
1037	0	0	7
ROADMAP 68
-527	3	36	34
850	26	0	52
ROADMAP 69
ROADMAP 70
1768	0	1	77
ROADMAP 71
1437	75	0	10
ROADMAP 72
1597	0	48	82
-597	22	50	26
ROADMAP 73
679	0	8	72
-1687	0	7	-1
1754	0	0	14
ROADMAP 74
579	0	26	86
1388	0	0	26
ROADMAP 75
-758	0	28	-1
ROADMAP 76
835	29	0	17
1132	29	0	40
ROADMAP 77
866	0	16	86
ROADMAP 78
-534	0	19	-1
-1946	0	4	-1
ROADMAP 79
1358	73	0	13
ROADMAP 80
915	29	0	57
ROADMAP 81
-623	0	66	-1
1394	7	0	12
ROADMAP 82
ROADMAP 83
1523	0	53	60
703	18	0	34
-523	18	85	59
ROADMAP 84
-1725	0	19	-1
565	53	0	13
ROADMAP 85
828	82	0	2
ROADMAP 86
1532	65	0	21
ROADMAP 87
-1610	0	72	-1
-1641	0	33	20
ROADMAP 88
69	0	18	84
ROADMAP 89
837	0	20	47
-1187	0	85	31
ROADMAP 90
671	0	25	50
1599	0	0	20
ROADMAP 91
799	0	22	35
-1084	0	35	-1
-1565	0	84	47
ROADMAP 92
-1086	0	29	-1
-532	0	85	30
ROADMAP 93
ROADMAP 94
1311	0	82	86
ROADMAP 95
882	0	15	45
767	0	0	46
ROADMAP 96
-823	0	21	-1
ROADMAP 97
ROADMAP 98
535	0	14	86
1677	0	0	14
ROADMAP 99
1968	0	17	71
ROADMAP 100
-1271	0	64	-1
1415	0	0	21
ROADMAP 101
1255	0	75	84
-1269	50	75	48
ROADMAP 102
1515	0	23	41
ROADMAP 103
1081	0	48	83
-1394	0	44	1
ROADMAP 104
594	0	38	86
1233	0	0	35
-1765	0	2	-1
ROADMAP 105
1061	0	53	86
1368	0	0	13
887	0	0	32
ROADMAP 106
-1072	0	30	-1
ROADMAP 107
-1362	0	9	-1
ROADMAP 108
-879	0	79	-1
ROADMAP 109
1391	0	17	86
ROADMAP 110
-1836	0	78	-1
1262	6	0	1
ROADMAP 111
31	0	46	55
-1031	20	84	27
ROADMAP 112
1558	0	33	71
-1632	0	13	-1
1771	3	0	20
1051	3	0	9
ROADMAP 113
1253	52	0	5
-1119	52	79	58
ROADMAP 114
-566	0	50	-1
ROADMAP 115
-1429	0	23	-1
1914	0	0	10
-1115	0	85	78
1472	0	49	50
-1115	14	63	36
ROADMAP 116
889	0	10	86
ROADMAP 117
-635	0	57	-1
-1473	0	32	4
ROADMAP 118
-1654	0	53	-1
ROADMAP 119
-1235	0	67	-1
113	2	0	16
ROADMAP 120
-1386	0	35	-1
-1485	0	29	-1
1541	0	0	20
ROADMAP 121
1029	0	13	33
-548	0	18	17
-1530	0	26	-1
-552	0	48	11
ROADMAP 122
653	0	54	75
-1653	44	42	21
ROADMAP 123
-552	0	4	-1
592	0	0	26
1211	0	0	33
-1592	0	72	50
ROADMAP 124
-1584	0	38	-1
ROADMAP 125
-707	29	79	22
ROADMAP 126
-660	0	37	-1
1974	20	0	28
ROADMAP 127
-1558	0	16	-1
560	7	0	13
1544	7	0	46
ROADMAP 128
-1118	29	85	38
ROADMAP 129
1257	42	0	32
-1144	42	44	32
ROADMAP 130
655	19	0	67
ROADMAP 131
686	0	81	86
1288	0	0	1
-1038	0	72	-1
-1686	0	42	35
ROADMAP 132
-1089	0	59	-1
1835	0	0	8
1076	0	0	18
ROADMAP 133
ROADMAP 134
1516	0	22	58
1505	0	0	50
ROADMAP 135
-1505	0	82	17
ROADMAP 136
1099	0	83	86
-719	0	9	-1
968	0	0	15
-99	10	31	-1
-1968	10	70	54
ROADMAP 137
956	80	0	6
ROADMAP 138
942	0	2	48
-1942	34	74	68
ROADMAP 139
ROADMAP 140
1175	0	54	86
-1428	0	13	-1
ROADMAP 141
-890	0	28	-1
732	0	0	57
ROADMAP 142
ROADMAP 143
1633	0	0	72
ROADMAP 144
764	0	14	86
129	1	0	13
ROADMAP 145
-1585	0	33	3
ROADMAP 146
511	0	51	86
-1511	14	85	48
ROADMAP 147
1749	46	0	40
ROADMAP 148
-735	0	39	-1
ROADMAP 149
-1160	47	65	26
ROADMAP 150
608	0	65	86
780	0	0	21
1712	0	0	24
-1608	0	85	65
ROADMAP 151
1695	0	1	57
547	0	0	30
ROADMAP 152
673	0	7	86
ROADMAP 153
1214	12	0	14
1642	12	0	60
ROADMAP 154
-1968	0	60	-1
-1136	0	54	29
ROADMAP 155
1929	4	0	30
-1663	14	73	31
ROADMAP 156
-1605	15	50	49
542	45	0	40
ROADMAP 157
-1133	0	48	-1
ROADMAP 158
-1859	33	77	24
ROADMAP 159
28	11	0	75
ROADMAP 160
149	74	0	8
ROADMAP 161
1406	0	45	86
-1411	0	26	-1
-1193	0	42	24
ROADMAP 162
-739	0	47	37
1917	0	10	68
1306	0	0	9
601	0	0	9
ROADMAP 163
1586	0	70	83
-658	0	35	-1
-586	0	85	55
ROADMAP 164
11	0	53	85
-744	0	17	-1
1014	0	0	35
ROADMAP 165
1520	0	31	80
-1448	0	3	-1
1517	4	0	22
1512	4	0	7
ROADMAP 166
-133	0	14	-1
ROADMAP 167
853	0	25	41
1016	0	0	69
ROADMAP 168
-866	0	46	-1
ROADMAP 169
-1069	23	52	-1
-1088	23	23	13
ROADMAP 170
635	0	80	86
638	0	0	7
717	0	0	12
-1635	0	85	30
ROADMAP 171
1913	65	0	21
ROADMAP 172
684	0	11	69
ROADMAP 173
1535	0	1	86
-1677	0	40	39
ROADMAP 174
-1041	0	29	-1
ROADMAP 175
1140	0	40	44
-140	61	34	13
ROADMAP 176
ROADMAP 177
-1757	0	29	-1
-1247	0	6	-1
-711	0	64	30
ROADMAP 178
ROADMAP 179
-1239	4	69	-1
-1977	4	15	3
ROADMAP 180
-626	0	31	-1
-1314	0	14	-1
-784	0	22	-1
948	0	0	16
ROADMAP 181
-662	0	24	-1
-1683	0	38	-1
716	0	0	11
ROADMAP 182
-83	0	6	-1
-1523	0	59	-1
1393	0	0	11
ROADMAP 183
1366	0	59	86
-1456	0	11	-1
ROADMAP 184
ROADMAP 185
-19	0	5	-1
-1617	0	85	6
ROADMAP 186
1942	0	47	75
-138	0	33	-1
-942	0	47	23
ROADMAP 187
837	64	0	22
ROADMAP 188
-550	0	46	-1
-1345	7	25	-1
715	7	0	6
ROADMAP 189
837	0	3	47
-1187	0	85	43
ROADMAP 190
1505	0	75	86
-516	0	10	-1
-505	0	85	21
ROADMAP 191
524	0	48	86
-636	0	26	-1
-1524	0	85	64
ROADMAP 192
-1526	18	41	-1
1201	18	0	26
ROADMAP 193
990	0	4	6
1406	0	0	84
ROADMAP 194
1074	0	82	86
1579	0	0	33
-1388	0	25	-1
-579	0	85	62
ROADMAP 195
1998	0	33	63
-998	38	64	46
ROADMAP 196
ROADMAP 197
ROADMAP 198
524	0	49	86
-636	0	26	-1
-1524	0	85	63
ROADMAP 199
-1200	82	45	41
ROADMAP 200
199	28	0	58
ROADMAP 201
890	0	31	42
-1890	26	31	-1
1192	26	0	17
ROADMAP 202
-1540	0	35	-1
ROADMAP 203
1539	0	4	85
1037	0	0	5
ROADMAP 204
-1143	0	54	-1
-633	0	4	-1
1327	0	0	13
-795	0	7	-1
ROADMAP 205
982	0	12	17
629	0	0	67
ROADMAP 206
-1056	0	62	-1
-1876	0	7	-1
1650	0	0	15
ROADMAP 207
ROADMAP 208
-1652	11	85	10
ROADMAP 209
571	0	48	86
-1573	16	22	-1
-1571	16	85	76
ROADMAP 210
-178	0	31	-1
1722	44	0	10
ROADMAP 211
-1090	0	38	0
1592	0	0	37
-1090	0	0	-1
1592	0	37	47
ROADMAP 212
-1998	0	9	-1
-1216	0	26	-1
563	0	0	21
ROADMAP 213
1377	75	0	11
ROADMAP 214
642	2	0	33
1153	2	0	51
ROADMAP 215
ROADMAP 216
998	0	29	65
-195	0	37	-1
-1998	0	62	50
ROADMAP 217
-1141	0	61	-1
-1732	0	30	6
ROADMAP 218
1512	0	45	86
-1165	0	8	-1
-517	0	41	5
ROADMAP 219
1029	0	32	33
-548	0	18	17
-1530	0	26	20
-548	0	17	-1
-1530	0	2	-1
-552	0	48	-1
592	0	0	1
ROADMAP 220
1224	0	9	86
985	0	0	9
ROADMAP 221
505	0	53	86
516	0	0	11
-1505	0	85	43
ROADMAP 222
-2	14	85	13
ROADMAP 223
-1850	0	18	-1
-628	6	85	24
ROADMAP 224
1220	0	16	86
-985	0	32	16
ROADMAP 225
ROADMAP 226
ROADMAP 227
540	0	8	69
ROADMAP 228
1855	0	21	34
-575	0	85	49
ROADMAP 229
1707	0	66	86
125	2	0	29
-707	2	79	59
ROADMAP 230
ROADMAP 231
1855	0	10	34
-575	0	85	23
ROADMAP 232
676	5	0	3
-602	5	85	12
ROADMAP 233
-1256	0	9	-1
1104	0	0	25
1594	0	0	51
ROADMAP 234
505	0	70	86
516	0	0	11
-1505	0	85	27
ROADMAP 235
-654	0	79	-1
ROADMAP 236
1711	0	17	18
-1757	0	45	-1
-1247	0	6	-1
-711	0	64	32
ROADMAP 237
1942	0	33	75
-138	0	33	-1
-942	0	47	37
ROADMAP 238
1462	56	0	4
1812	56	0	25
ROADMAP 239
977	0	0	86
ROADMAP 240
1704	0	16	33
ROADMAP 241
1007	0	60	86
-7	40	85	65
ROADMAP 242
-1941	0	76	-1
ROADMAP 243
-1843	0	3	-1
ROADMAP 244
-1572	0	44	-1
-1264	0	18	-1
ROADMAP 245
1457	0	35	48
ROADMAP 246
-818	0	68	-1
ROADMAP 247
-8	0	51	-1
1711	0	0	18
-1757	0	45	34
ROADMAP 248
863	20	0	66
ROADMAP 249
1471	68	0	16
ROADMAP 250
1725	0	50	86
ROADMAP 251
-1472	0	28	-1
-1466	42	64	49
ROADMAP 252
-1438	27	69	68
-1438	27	11	10
ROADMAP 253
-801	0	26	-1
1113	12	0	36
ROADMAP 254
1009	0	42	86
1044	0	0	30
-1488	0	0	-1
-9	0	85	74
ROADMAP 255
1269	0	26	76
-101	0	49	13
ROADMAP 256
-1403	0	39	-1
-1341	25	57	36
ROADMAP 257
-729	0	40	-1
1129	0	0	45
ROADMAP 258
ROADMAP 259
-620	29	85	35
ROADMAP 260
1013	0	50	86
1545	0	0	34
1680	0	0	16
ROADMAP 261
869	0	25	86
ROADMAP 262
-684	0	32	-1
ROADMAP 263
-1503	0	66	-1
-1508	0	72	53
ROADMAP 264
-1768	0	0	-1
572	0	0	83
ROADMAP 265
-1367	0	56	-1
ROADMAP 266
ROADMAP 267
-1401	0	29	-1
1873	0	0	5
1621	0	0	43
1023	0	0	8
ROADMAP 268
877	78	41	42
ROADMAP 269
1255	0	8	84
101	0	0	10
ROADMAP 270
-1314	0	0	-1
-784	0	22	-1
948	0	0	32
538	0	0	29
ROADMAP 271
1478	0	0	86
ROADMAP 272
-1936	0	15	-1
1741	0	0	52
1690	0	0	4
ROADMAP 273
1630	0	66	78
-745	0	27	-1
-630	0	85	39
ROADMAP 274
1553	0	30	86
ROADMAP 275
1555	0	65	86
825	0	0	29
-555	0	85	49
ROADMAP 276
697	25	0	51
ROADMAP 277
679	0	33	72
-1687	0	7	-1
1754	0	0	31
-1679	0	3	-1
-1073	0	85	81
ROADMAP 278
1849	0	20	86
1107	10	0	10
ROADMAP 279
-1960	2	48	-1
760	2	0	35
ROADMAP 280
528	0	59	86
-1301	0	15	-1
-1528	9	85	51
ROADMAP 281
ROADMAP 282
1351	0	37	43
-584	0	80	0
ROADMAP 283
-1615	0	20	-1
-1625	0	3	-1
ROADMAP 284
-548	0	4	-1
-1530	0	2	-1
-552	0	48	-1
592	0	0	26
1211	0	0	3
ROADMAP 285
1085	0	66	74
-828	0	45	-1
-85	0	81	49
ROADMAP 286
-503	0	61	-1
-827	0	54	34
ROADMAP 287
1047	0	24	76
56	0	0	21
-47	0	13	0
ROADMAP 288
1131	0	6	86
1686	0	0	6
ROADMAP 289
-1032	0	73	-1
1923	0	0	12
ROADMAP 290
1969	0	28	72
1906	0	0	42
ROADMAP 291
-1807	0	26	-1
-1404	0	74	35
ROADMAP 292
-1147	0	5	-1
-749	0	54	-1
1892	0	0	25
ROADMAP 293
1505	0	48	86
-516	0	10	-1
-505	0	85	48
ROADMAP 294
ROADMAP 295
-1086	0	20	-1
-532	0	85	20
ROADMAP 296
1632	0	7	14
-1558	0	70	-1
127	0	0	7
560	0	0	1
ROADMAP 297
-1201	0	24	-1
1526	0	0	42
-192	0	17	-1
ROADMAP 298
-1455	85	30	29
ROADMAP 299
ROADMAP 300
ROADMAP 301
1668	0	35	86
-1793	0	17	-1
ROADMAP 302
-1745	0	24	-1
1761	0	0	48
-2000	0	12	-1
ROADMAP 303
ROADMAP 304
-595	0	49	-1
748	0	0	36
ROADMAP 305
-1872	0	14	-1
804	0	0	21
-27	0	85	35
ROADMAP 306
1601	0	4	70
-23	0	5	-1
917	0	0	1
1162	0	0	13
ROADMAP 307
1562	0	32	78
903	16	0	3
ROADMAP 308
1549	0	0	33
1369	0	0	6
1522	0	0	47
ROADMAP 309
195	0	30	38
-998	0	64	-1
-1195	0	77	64
ROADMAP 310
1532	0	85	86
-1086	0	33	-1
-532	0	85	34
ROADMAP 311
-94	26	81	22
ROADMAP 312
1505	0	58	86
-516	0	10	-1
-505	0	85	38
ROADMAP 313
631	0	52	86
1902	0	0	9
-902	9	11	-1
-1631	9	61	39
ROADMAP 314
-1736	0	5	-1
1626	0	0	80
ROADMAP 315
-1239	0	42	-1
-1977	0	15	2
ROADMAP 316
-608	0	8	-1
ROADMAP 317
ROADMAP 318
1605	0	56	63
-992	0	2	-1
-605	50	85	61
ROADMAP 319
-539	0	26	-1
1516	0	0	58
1505	0	0	1
ROADMAP 320
-1711	0	0	-1
8	0	0	85
ROADMAP 321
-1535	0	27	-1
-1098	0	19	-1
643	0	0	38
ROADMAP 322
1997	0	50	76
-997	38	48	33
ROADMAP 323
706	0	19	20
706	0	28	43
706	0	28	31
706	0	43	76
1463	0	0	27
ROADMAP 324
802	13	0	73
ROADMAP 325
-1299	0	21	-1
-1116	0	85	25
ROADMAP 326
601	0	50	86
-1162	0	27	-1
-917	0	0	-1
23	0	0	6
-1601	0	69	64
ROADMAP 327
1204	0	7	47
ROADMAP 328
1262	0	15	41
-1110	0	65	11
ROADMAP 329
-1846	0	32	-1
-1477	0	71	18
ROADMAP 330
-745	0	10	-1
-630	0	85	11
ROADMAP 331
1569	0	28	86
-1185	0	1	-1
1943	0	0	1
-1705	0	12	-1
-569	0	85	73
ROADMAP 332
1564	14	0	72
ROADMAP 333
-1601	0	37	-1
621	0	0	48
ROADMAP 334
-1905	0	72	-1
ROADMAP 335
ROADMAP 336
757	0	5	17
-8	0	85	11
ROADMAP 337
178	0	31	85
-1178	22	22	12
ROADMAP 338
-9	0	75	-1
-1254	0	43	33
ROADMAP 339
300	31	0	55
ROADMAP 340
-68	0	3	2
527	0	35	37
-68	0	2	-1
-82	18	30	8
ROADMAP 341
-1403	23	85	22
ROADMAP 342
1897	0	0	82
1925	0	0	4
ROADMAP 343
-519	8	85	7
ROADMAP 344
-592	0	6	-1
552	0	0	49
1530	0	0	3
548	0	0	18
1530	0	21	27
548	0	18	19
-1029	0	32	30
ROADMAP 345
-746	0	46	20
-1115	0	52	51
-746	0	20	-1
-1469	12	0	-1
-550	12	57	47
ROADMAP 346
1514	0	40	68
-514	36	85	63
ROADMAP 347
1757	0	44	46
-1711	0	17	-1
8	0	0	66
ROADMAP 348
1967	28	0	53
ROADMAP 349
-258	0	35	-1
773	0	0	45
ROADMAP 350
-1685	0	64	-1
ROADMAP 351
1696	0	39	86
-696	17	17	-1
584	17	0	4
ROADMAP 352
535	80	0	6
ROADMAP 353
-171	0	11	-1
ROADMAP 354
1567	0	62	85
1841	19	0	36
-567	19	80	72
ROADMAP 355
ROADMAP 356
-1115	0	10	-1
-914	0	19	-1
870	0	0	27
766	0	0	28
ROADMAP 357
ROADMAP 358
-991	0	50	-1
-1490	0	30	-1
1079	0	0	4
ROADMAP 359
7	0	37	86
-241	0	39	2
ROADMAP 360
-1738	0	11	-1
-1510	0	85	11
ROADMAP 361
1553	0	63	86
274	0	0	20
-553	18	79	54
ROADMAP 362
1227	0	3	18
-540	49	70	48
ROADMAP 363
-1157	19	83	16
ROADMAP 364
1559	0	51	86
-559	46	85	80
ROADMAP 365
-1927	0	51	-1
1623	0	0	34
ROADMAP 366
-183	52	44	10
ROADMAP 367
ROADMAP 368
1105	0	14	84
ROADMAP 369
522	0	7	86
1308	0	0	1
549	0	0	6
ROADMAP 370
52	22	0	49
1418	22	0	6
-593	22	22	13
ROADMAP 371
-573	0	27	-1
-872	25	0	-1
1947	32	0	22
ROADMAP 372
838	22	0	64
ROADMAP 373
-947	0	28	-1
ROADMAP 374
1005	0	12	86
ROADMAP 375
726	10	0	76
ROADMAP 376
1307	0	56	70
-1442	0	43	-1
-903	0	11	-1
-307	0	15	-1
ROADMAP 377
-1849	0	20	-1
1213	33	0	32
ROADMAP 378
ROADMAP 379
-1096	0	23	-1
ROADMAP 380
611	0	31	85
ROADMAP 381
1742	0	2	17
1667	0	0	20
536	0	0	51
ROADMAP 382
147	0	44	46
1749	0	0	84
ROADMAP 383
1665	0	29	79
-910	0	42	6
ROADMAP 384
1637	0	23	86
1166	2	0	21
ROADMAP 385
661	0	34	86
-1404	22	28	26
ROADMAP 386
-775	34	73	21
ROADMAP 387
-1512	0	78	-1
-1517	0	21	15
ROADMAP 388
1074	0	0	86
ROADMAP 389
ROADMAP 390
-1749	0	1	-1
-147	0	45	-1
ROADMAP 391
1109	0	28	40
955	8	0	66
ROADMAP 392
-1710	69	18	1
ROADMAP 393
-1513	0	38	-1
1182	0	0	23
-1951	0	13	-1
ROADMAP 394
-544	0	68	-1
1081	0	0	17
ROADMAP 395
-169	0	8	-1
-88	10	19	-1
-69	10	83	77
ROADMAP 396
992	0	5	23
-1992	51	36	19
ROADMAP 397
1540	0	44	85
1227	0	0	18
362	0	0	27
ROADMAP 398
-1153	0	6	-1
-642	0	32	-1
-214	0	1	-1
765	1	0	2
594	1	0	41
ROADMAP 399
1519	0	38	86
343	20	0	8
-519	20	85	75
ROADMAP 400
1822	0	59	86
-1894	0	39	-1
722	0	0	17
ROADMAP 401
1884	0	7	19
-1046	0	85	11
ROADMAP 402
1547	0	56	86
1151	0	0	18
-547	0	85	48
ROADMAP 403
341	81	0	5
ROADMAP 404
1994	47	0	1
-1807	47	72	40
ROADMAP 405
1836	0	34	86
-836	27	54	47
ROADMAP 406
1161	0	27	81
1193	0	0	32
ROADMAP 407
922	79	0	7
ROADMAP 408
-332	0	6	-1
ROADMAP 409
-797	0	32	-1
1959	8	0	28
ROADMAP 410
671	16	0	50
1599	16	0	10
ROADMAP 411
-230	0	8	-1
990	66	0	6
1406	66	0	5
ROADMAP 412
-1617	0	1	-1
1789	10	0	3
705	10	0	11
1569	10	0	60
ROADMAP 413
ROADMAP 414
-1211	0	7	-1
-592	0	25	-1
552	0	0	49
1530	0	0	3
ROADMAP 415
1100	0	3	86
ROADMAP 416
ROADMAP 417
416	0	0	86
ROADMAP 418
1052	22	0	52
1370	22	0	12
ROADMAP 419
-78	4	60	-1
1946	4	0	5
534	4	0	16
ROADMAP 420
-879	0	58	-1
108	0	0	6
-1426	13	10	8
ROADMAP 421
-1966	0	4	-1
-566	0	85	4
ROADMAP 422
-283	5	60	-1
1625	5	0	4
1615	5	0	16
ROADMAP 423
-367	0	43	-1
ROADMAP 424
7	0	8	86
-241	0	39	31
ROADMAP 425
-1501	0	0	-1
1616	0	0	77
20	0	0	8
ROADMAP 426
-879	57	85	56
ROADMAP 427
-685	0	83	-1
ROADMAP 428
682	0	75	86
-694	0	60	-1
-772	0	3	-1
-708	5	14	9
ROADMAP 429
ROADMAP 430
-1032	0	49	-1
1923	0	0	36
ROADMAP 431
-1131	0	36	-1
-852	0	27	-1
971	0	0	12
1194	0	0	9
ROADMAP 432
1586	0	76	83
-658	0	35	-1
-586	0	85	42
ROADMAP 433
-1892	0	51	-1
749	0	0	34
ROADMAP 434
802	0	4	86
-1324	3	23	22
ROADMAP 435
-685	0	72	-1
427	0	0	2
ROADMAP 436
-1317	0	55	-1
1886	0	0	27
ROADMAP 437
1071	80	0	1
ROADMAP 438
-922	0	12	-1
-407	0	78	5
ROADMAP 439
-591	0	22	-1
-950	0	54	-1
ROADMAP 440
ROADMAP 441
-738	0	32	-1
418	17	0	22
1052	17	0	14
ROADMAP 442
1903	20	0	11
ROADMAP 443
-1192	0	2	-1
1890	0	0	32
-201	0	25	-1
-890	0	41	16
ROADMAP 444
1904	0	51	67
-904	35	66	42
ROADMAP 445
949	44	0	10
-583	44	57	25
ROADMAP 446
ROADMAP 447
-1616	0	28	-1
1501	0	0	51
ROADMAP 448
-1522	0	63	-1
-1369	0	5	-1
-1549	0	32	16
ROADMAP 449
-1311	0	17	-1
1831	65	0	3
ROADMAP 450
ROADMAP 451
1345	0	10	26
-188	0	6	-1
550	0	0	58
1469	0	0	1
-345	0	11	10
ROADMAP 452
698	0	23	86
-790	5	29	11
ROADMAP 453
-1039	0	75	-1
1660	4	0	6
ROADMAP 454
-1366	0	59	-1
ROADMAP 455
-62	0	16	-1
298	65	0	4
ROADMAP 456
1454	0	35	86
ROADMAP 457
1245	0	68	76
-245	43	71	36
ROADMAP 458
75	0	20	57
-1075	37	85	76
ROADMAP 459
1721	0	33	86
-1482	0	34	7
ROADMAP 460
-522	0	25	-1
ROADMAP 461
183	0	6	45
-366	0	51	4
ROADMAP 462
812	0	19	83
1238	0	0	22
ROADMAP 463
-900	0	31	-1
1323	0	0	17
1706	0	0	37
ROADMAP 464
1244	0	28	80
-819	0	0	-1
ROADMAP 465
-1179	0	61	-1
-1315	0	36	12
ROADMAP 466
-923	0	4	-1
-1472	0	51	48
1115	0	79	86
-1914	0	9	-1
1429	0	0	6
-1472	0	48	-1
251	0	0	6
ROADMAP 467
ROADMAP 468
1477	28	0	58
ROADMAP 469
1746	0	40	65
1550	0	0	38
ROADMAP 470
2000	0	6	13
-1761	0	47	-1
1745	0	0	31
ROADMAP 471
-1154	35	31	-1
1249	35	0	19
ROADMAP 472
1923	0	30	50
1976	0	0	1
-1289	0	78	24
-1546	0	30	29
-1289	0	24	14
ROADMAP 473
1635	0	13	86
-717	0	11	-1
-638	0	6	5
ROADMAP 474
-1146	0	65	-1
ROADMAP 475
1394	0	0	45
-1081	0	82	41
ROADMAP 476
-893	8	32	-1
1815	8	0	45
ROADMAP 477
1468	10	0	74
ROADMAP 478
1271	0	8	79
ROADMAP 479
467	0	5	86
ROADMAP 480
-72	0	21	-1
-1597	0	81	40
ROADMAP 1481
1149	0	52	86
1160	3	0	46
ROADMAP 1482
721	0	37	86
-1721	35	85	83
ROADMAP 1483
512	0	25	86
517	0	0	25
ROADMAP 1484
1619	0	20	75
1871	18	0	10
ROADMAP 1485
-1541	0	29	-1
1386	30	0	26
ROADMAP 1486
-1736	0	66	-1
1626	0	0	19
ROADMAP 1487
1688	0	9	29
645	0	0	20
-576	0	44	2
ROADMAP 1488
9	0	49	86
-1044	1	29	-1
-1009	1	85	67
ROADMAP 1489
-1049	0	1	-1
1854	6	0	78
ROADMAP 1490
-1079	0	48	-1
ROADMAP 1491
-768	15	19	-1
-1070	15	85	34
ROADMAP 1492
1024	0	32	86
-689	23	6	-1
-24	23	85	83
ROADMAP 1493
1741	0	4	52
1690	0	0	38
ROADMAP 1494
-809	0	36	-1
813	0	0	44
ROADMAP 1495
ROADMAP 1496
-1576	0	5	-1
1017	0	0	69
ROADMAP 1497
-1246	0	24	-1
ROADMAP 1498
-1570	0	64	-1
679	0	0	21
ROADMAP 1499
1208	0	1	75
ROADMAP 1500
509	0	55	86
878	0	0	5
-1509	0	85	35
ROADMAP 1981
12	0	2	81
ROADMAP 1982
1065	0	15	86
1629	0	0	6
-1820	0	21	12
ROADMAP 1983
ROADMAP 1984
1791	9	0	8
ROADMAP 1985
1220	58	0	28
ROADMAP 1986
1509	6	0	80
ROADMAP 1987
-1187	0	82	-1
-1189	0	20	17
ROADMAP 1988
1785	0	23	67
-816	0	50	8
ROADMAP 1989
1289	0	5	25
1546	0	30	31
1289	0	25	79
-1976	0	0	-1
-1923	0	49	39
ROADMAP 1990
1161	0	43	81
1193	0	0	43
1411	0	0	3
ROADMAP 1991
ROADMAP 1992
1396	0	44	86
ROADMAP 1993
-880	34	85	33
ROADMAP 1994
-1807	1	72	37
ROADMAP 1995
-1053	0	56	-1
683	0	0	28
-662	0	85	84
ROADMAP 1996
-622	0	66	-1
ROADMAP 1997
ROADMAP 1998
1216	0	14	27
ROADMAP 1999
-555	0	64	-1
-1275	0	58	38
ROADMAP 2000
1302	0	44	77
761	0	0	24
-1761	13	47	33
ROADMAP 481
160	0	35	74
149	0	0	47
ROADMAP 482
1721	37	0	46
ROADMAP 483
1517	0	7	22
1512	0	0	71
ROADMAP 484
619	0	8	86
-1871	0	37	29
ROADMAP 485
-775	0	45	-1
-1386	5	85	50
ROADMAP 486
-1784	0	34	-1
-1626	0	85	34
ROADMAP 487
1645	0	26	59
1060	0	0	53
ROADMAP 488
-1008	0	28	-1
940	0	0	8
1009	0	0	49
ROADMAP 489
854	0	19	81
ROADMAP 490
1991	0	47	86
-991	18	59	31
ROADMAP 491
1070	74	0	12
ROADMAP 492
-774	14	7	-1
24	14	0	46
ROADMAP 493
690	0	50	86
1272	0	0	37
-1690	0	63	50
ROADMAP 494
1813	0	5	86
ROADMAP 495
-1265	14	50	-1
ROADMAP 496
1868	0	21	27
1669	0	0	3
17	0	0	38
1604	0	0	17
ROADMAP 497
-709	0	21	-1
-965	0	30	-1
ROADMAP 498
1073	0	60	86
1679	0	0	4
-1754	0	30	-1
1687	0	0	8
-679	0	71	54
ROADMAP 499
208	7	0	11
-1652	7	85	17
ROADMAP 500
-1803	0	25	-1
1878	0	0	18
1986	27	0	6
1509	27	0	7
ROADMAP 981
1012	0	8	74
ROADMAP 982
629	17	0	69
ROADMAP 983
-1018	15	29	-1
-603	23	47	14
ROADMAP 984
-1809	0	10	-1
791	0	0	75
ROADMAP 985
1224	0	65	86
-1220	33	85	53
ROADMAP 986
-585	0	4	-1
509	4	0	77
ROADMAP 987
-1835	0	6	-1
1089	0	0	79
ROADMAP 988
-1416	0	17	-1
785	0	0	68
ROADMAP 989
-1032	0	81	-1
1923	0	0	4
ROADMAP 990
1406	6	0	80
ROADMAP 991
1490	0	5	31
ROADMAP 992
-1605	3	62	-1
ROADMAP 993
ROADMAP 994
1291	0	14	86
1404	8	0	6
ROADMAP 995
1683	0	5	39
662	0	0	52
ROADMAP 996
-1781	0	83	-1
ROADMAP 997
1322	0	43	68
ROADMAP 998
1195	0	57	78
ROADMAP 999
797	0	11	86
ROADMAP 1000
-1630	0	5	-1
-1745	0	85	5
