ID	lgth	out	in	long_cov	short1_cov	short1_Ocov	short2_cov	short2_Ocov	short3_cov	short3_Ocov	short4_cov	short4_Ocov	long_nb	short1_nb	short2_nb	short3_nb	short4_nb
1	304	0	0	0.000000	2.404605	2.404605	0.000000	0.000000	0.000000	0.000000	0.000000	0.000000	0	0	0	0	0
2	292	0	0	0.000000	2.082192	2.082192	0.000000	0.000000	0.000000	0.000000	0.000000	0.000000	0	0	0	0	0
3	302	0	0	0.000000	2.456954	2.456954	0.000000	0.000000	0.000000	0.000000	0.000000	0.000000	0	0	0	0	0
4	47	0	0	0.000000	1.340426	1.340426	0.000000	0.000000	0.000000	0.000000	0.000000	0.000000	0	0	0	0	0
5	317	0	0	0.000000	3.574132	3.574132	0.000000	0.000000	0.000000	0.000000	0.000000	0.000000	0	0	0	0	0
6	269	0	0	0.000000	1.684015	1.684015	0.000000	0.000000	0.000000	0.000000	0.000000	0.000000	0	0	0	0	0
7	528	0	0	0.000000	3.179924	3.179924	0.000000	0.000000	0.000000	0.000000	0.000000	0.000000	0	0	0	0	0
8	665	0	0	0.000000	4.517293	4.517293	0.000000	0.000000	0.000000	0.000000	0.000000	0.000000	0	0	0	0	0
9	349	1	0	0.000000	2.484241	2.484241	0.000000	0.000000	0.000000	0.000000	0.000000	0.000000	0	0	0	0	0
10	984	0	0	0.000000	2.207317	2.207317	0.000000	0.000000	0.000000	0.000000	0.000000	0.000000	0	0	0	0	0
11	93	0	0	0.000000	2.559140	2.559140	0.000000	0.000000	0.000000	0.000000	0.000000	0.000000	0	0	0	0	0
12	266	0	0	0.000000	2.646617	2.646617	0.000000	0.000000	0.000000	0.000000	0.000000	0.000000	0	0	0	0	0
13	701	0	0	0.000000	3.174037	3.174037	0.000000	0.000000	0.000000	0.000000	0.000000	0.000000	0	0	0	0	0
14	81	0	0	0.000000	1.530864	1.530864	0.000000	0.000000	0.000000	0.000000	0.000000	0.000000	0	0	0	0	0
15	513	0	0	0.000000	2.752437	2.752437	0.000000	0.000000	0.000000	0.000000	0.000000	0.000000	0	0	0	0	0
16	270	0	0	0.000000	2.770370	2.770370	0.000000	0.000000	0.000000	0.000000	0.000000	0.000000	0	0	0	0	0
17	88	0	0	0.000000	1.647727	1.647727	0.000000	0.000000	0.000000	0.000000	0.000000	0.000000	0	0	0	0	0
18	182	0	0	0.000000	1.263736	1.263736	0.000000	0.000000	0.000000	0.000000	0.000000	0.000000	0	0	0	0	0
19	1307	1	1	0.000000	3.762816	3.762816	0.000000	0.000000	0.000000	0.000000	0.000000	0.000000	0	0	0	0	0
20	245	0	0	0.000000	2.322449	2.322449	0.000000	0.000000	0.000000	0.000000	0.000000	0.000000	0	0	0	0	0
21	276	0	0	0.000000	2.398551	2.398551	0.000000	0.000000	0.000000	0.000000	0.000000	0.000000	0	0	0	0	0
22	122	0	0	0.000000	2.672131	2.672131	0.000000	0.000000	0.000000	0.000000	0.000000	0.000000	0	0	0	0	0
23	97	0	0	0.000000	2.391753	2.391753	0.000000	0.000000	0.000000	0.000000	0.000000	0.000000	0	0	0	0	0
24	600	0	0	0.000000	2.350000	2.350000	0.000000	0.000000	0.000000	0.000000	0.000000	0.000000	0	0	0	0	0
25	151	0	0	0.000000	2.086093	2.086093	0.000000	0.000000	0.000000	0.000000	0.000000	0.000000	0	0	0	0	0
26	1044	0	0	0.000000	2.892720	2.892720	0.000000	0.000000	0.000000	0.000000	0.000000	0.000000	0	0	0	0	0
27	508	0	0	0.000000	2.061024	2.061024	0.000000	0.000000	0.000000	0.000000	0.000000	0.000000	0	0	0	0	0
28	210	0	0	0.000000	2.047619	2.047619	0.000000	0.000000	0.000000	0.000000	0.000000	0.000000	0	0	0	0	0
29	519	0	0	0.000000	2.591522	2.591522	0.000000	0.000000	0.000000	0.000000	0.000000	0.000000	0	0	0	0	0
30	633	1	0	0.000000	2.565561	2.565561	0.000000	0.000000	0.000000	0.000000	0.000000	0.000000	0	0	0	0	0
31	517	0	0	0.000000	2.141199	2.141199	0.000000	0.000000	0.000000	0.000000	0.000000	0.000000	0	0	0	0	0
32	381	0	0	0.000000	3.091864	3.091864	0.000000	0.000000	0.000000	0.000000	0.000000	0.000000	0	0	0	0	0
33	87	0	0	0.000000	2.218391	2.218391	0.000000	0.000000	0.000000	0.000000	0.000000	0.000000	0	0	0	0	0
34	284	0	0	0.000000	1.098592	1.098592	0.000000	0.000000	0.000000	0.000000	0.000000	0.000000	0	0	0	0	0
35	439	0	0	0.000000	3.207289	3.207289	0.000000	0.000000	0.000000	0.000000	0.000000	0.000000	0	0	0	0	0
36	52	1	0	0.000000	1.480769	1.480769	0.000000	0.000000	0.000000	0.000000	0.000000	0.000000	0	0	0	0	0
37	75	0	1	0.000000	1.706667	1.706667	0.000000	0.000000	0.000000	0.000000	0.000000	0.000000	0	0	0	0	0
38	293	0	0	0.000000	1.716724	1.716724	0.000000	0.000000	0.000000	0.000000	0.000000	0.000000	0	0	0	0	0
39	281	0	0	0.000000	1.188612	1.188612	0.000000	0.000000	0.000000	0.000000	0.000000	0.000000	0	0	0	0	0
40	234	0	0	0.000000	1.799145	1.799145	0.000000	0.000000	0.000000	0.000000	0.000000	0.000000	0	0	0	0	0
41	322	0	0	0.000000	1.667702	1.667702	0.000000	0.000000	0.000000	0.000000	0.000000	0.000000	0	0	0	0	0
42	507	0	0	0.000000	2.897436	2.897436	0.000000	0.000000	0.000000	0.000000	0.000000	0.000000	0	0	0	0	0
43	340	0	0	0.000000	2.167647	2.167647	0.000000	0.000000	0.000000	0.000000	0.000000	0.000000	0	0	0	0	0
44	393	0	0	0.000000	1.659033	1.659033	0.000000	0.000000	0.000000	0.000000	0.000000	0.000000	0	0	0	0	0
45	239	0	0	0.000000	1.782427	1.782427	0.000000	0.000000	0.000000	0.000000	0.000000	0.000000	0	0	0	0	0
46	325	0	0	0.000000	2.409231	2.409231	0.000000	0.000000	0.000000	0.000000	0.000000	0.000000	0	0	0	0	0
47	422	0	0	0.000000	2.132701	2.132701	0.000000	0.000000	0.000000	0.000000	0.000000	0.000000	0	0	0	0	0
48	462	0	0	0.000000	1.900433	1.900433	0.000000	0.000000	0.000000	0.000000	0.000000	0.000000	0	0	0	0	0
49	365	0	0	0.000000	1.386301	1.386301	0.000000	0.000000	0.000000	0.000000	0.000000	0.000000	0	0	0	0	0
50	279	0	0	0.000000	2.157706	2.157706	0.000000	0.000000	0.000000	0.000000	0.000000	0.000000	0	0	0	0	0
51	210	0	0	0.000000	1.990476	1.990476	0.000000	0.000000	0.000000	0.000000	0.000000	0.000000	0	0	0	0	0
52	290	0	0	0.000000	1.803448	1.803448	0.000000	0.000000	0.000000	0.000000	0.000000	0.000000	0	0	0	0	0
53	357	0	0	0.000000	2.067227	2.067227	0.000000	0.000000	0.000000	0.000000	0.000000	0.000000	0	0	0	0	0
54	356	0	0	0.000000	1.707865	1.707865	0.000000	0.000000	0.000000	0.000000	0.000000	0.000000	0	0	0	0	0
55	248	0	0	0.000000	1.342742	1.342742	0.000000	0.000000	0.000000	0.000000	0.000000	0.000000	0	0	0	0	0
56	162	0	2	0.000000	1.790123	1.790123	0.000000	0.000000	0.000000	0.000000	0.000000	0.000000	0	0	0	0	0
57	129	0	0	0.000000	1.666667	1.666667	0.000000	0.000000	0.000000	0.000000	0.000000	0.000000	0	0	0	0	0
58	115	0	0	0.000000	1.408696	1.408696	0.000000	0.000000	0.000000	0.000000	0.000000	0.000000	0	0	0	0	0
59	206	0	0	0.000000	1.868932	1.868932	0.000000	0.000000	0.000000	0.000000	0.000000	0.000000	0	0	0	0	0
60	234	0	0	0.000000	2.175214	2.175214	0.000000	0.000000	0.000000	0.000000	0.000000	0.000000	0	0	0	0	0
61	273	0	0	0.000000	1.095238	1.095238	0.000000	0.000000	0.000000	0.000000	0.000000	0.000000	0	0	0	0	0
62	247	0	0	0.000000	2.384615	2.384615	0.000000	0.000000	0.000000	0.000000	0.000000	0.000000	0	0	0	0	0
63	435	0	0	0.000000	2.075862	2.075862	0.000000	0.000000	0.000000	0.000000	0.000000	0.000000	0	0	0	0	0
64	255	0	0	0.000000	1.607843	1.607843	0.000000	0.000000	0.000000	0.000000	0.000000	0.000000	0	0	0	0	0
65	276	0	0	0.000000	1.771739	1.771739	0.000000	0.000000	0.000000	0.000000	0.000000	0.000000	0	0	0	0	0
66	756	0	0	0.000000	2.567460	2.567460	0.000000	0.000000	0.000000	0.000000	0.000000	0.000000	0	0	0	0	0
67	205	0	0	0.000000	1.775610	1.775610	0.000000	0.000000	0.000000	0.000000	0.000000	0.000000	0	0	0	0	0
68	325	0	1	0.000000	2.575385	2.575385	0.000000	0.000000	0.000000	0.000000	0.000000	0.000000	0	0	0	0	0
69	197	0	0	0.000000	1.309645	1.309645	0.000000	0.000000	0.000000	0.000000	0.000000	0.000000	0	0	0	0	0
70	575	0	0	0.000000	3.881739	3.881739	0.000000	0.000000	0.000000	0.000000	0.000000	0.000000	0	0	0	0	0
71	295	0	0	0.000000	1.701695	1.701695	0.000000	0.000000	0.000000	0.000000	0.000000	0.000000	0	0	0	0	0
72	390	0	1	0.000000	1.789744	1.789744	0.000000	0.000000	0.000000	0.000000	0.000000	0.000000	0	0	0	0	0
73	90	0	0	0.000000	3.244444	3.244444	0.000000	0.000000	0.000000	0.000000	0.000000	0.000000	0	0	0	0	0
74	195	0	0	0.000000	2.425641	2.425641	0.000000	0.000000	0.000000	0.000000	0.000000	0.000000	0	0	0	0	0
75	174	0	1	0.000000	2.609195	2.609195	0.000000	0.000000	0.000000	0.000000	0.000000	0.000000	0	0	0	0	0
76	712	0	0	0.000000	2.518258	2.518258	0.000000	0.000000	0.000000	0.000000	0.000000	0.000000	0	0	0	0	0
77	237	0	0	0.000000	1.430380	1.430380	0.000000	0.000000	0.000000	0.000000	0.000000	0.000000	0	0	0	0	0
78	104	0	0	0.000000	2.480769	2.480769	0.000000	0.000000	0.000000	0.000000	0.000000	0.000000	0	0	0	0	0
79	439	0	1	0.000000	2.380410	2.380410	0.000000	0.000000	0.000000	0.000000	0.000000	0.000000	0	0	0	0	0
80	460	0	0	0.000000	1.595652	1.595652	0.000000	0.000000	0.000000	0.000000	0.000000	0.000000	0	0	0	0	0
81	216	0	0	0.000000	2.032407	2.032407	0.000000	0.000000	0.000000	0.000000	0.000000	0.000000	0	0	0	0	0
82	318	0	0	0.000000	2.933962	2.933962	0.000000	0.000000	0.000000	0.000000	0.000000	0.000000	0	0	0	0	0
83	94	0	0	0.000000	2.925532	2.925532	0.000000	0.000000	0.000000	0.000000	0.000000	0.000000	0	0	0	0	0
84	273	0	0	0.000000	1.846154	1.846154	0.000000	0.000000	0.000000	0.000000	0.000000	0.000000	0	0	0	0	0
85	277	0	0	0.000000	1.339350	1.339350	0.000000	0.000000	0.000000	0.000000	0.000000	0.000000	0	0	0	0	0
86	106	0	0	0.000000	1.924528	1.924528	0.000000	0.000000	0.000000	0.000000	0.000000	0.000000	0	0	0	0	0
87	272	0	0	0.000000	1.283088	1.283088	0.000000	0.000000	0.000000	0.000000	0.000000	0.000000	0	0	0	0	0
88	406	0	1	0.000000	2.083744	2.083744	0.000000	0.000000	0.000000	0.000000	0.000000	0.000000	0	0	0	0	0
89	81	0	0	0.000000	2.000000	2.000000	0.000000	0.000000	0.000000	0.000000	0.000000	0.000000	0	0	0	0	0
90	62	1	0	0.000000	1.580645	1.580645	0.000000	0.000000	0.000000	0.000000	0.000000	0.000000	0	0	0	0	0
91	78	1	0	0.000000	1.000000	1.000000	0.000000	0.000000	0.000000	0.000000	0.000000	0.000000	0	0	0	0	0
92	275	0	0	0.000000	1.487273	1.487273	0.000000	0.000000	0.000000	0.000000	0.000000	0.000000	0	0	0	0	0
93	231	0	0	0.000000	1.666667	1.666667	0.000000	0.000000	0.000000	0.000000	0.000000	0.000000	0	0	0	0	0
94	86	0	0	0.000000	2.372093	2.372093	0.000000	0.000000	0.000000	0.000000	0.000000	0.000000	0	0	0	0	0
95	113	0	1	0.000000	2.336283	2.336283	0.000000	0.000000	0.000000	0.000000	0.000000	0.000000	0	0	0	0	0
96	86	0	0	0.000000	1.639535	1.639535	0.000000	0.000000	0.000000	0.000000	0.000000	0.000000	0	0	0	0	0
97	414	0	0	0.000000	2.661836	2.661836	0.000000	0.000000	0.000000	0.000000	0.000000	0.000000	0	0	0	0	0
98	220	0	2	0.000000	1.300000	1.300000	0.000000	0.000000	0.000000	0.000000	0.000000	0.000000	0	0	0	0	0
99	249	0	0	0.000000	1.662651	1.662651	0.000000	0.000000	0.000000	0.000000	0.000000	0.000000	0	0	0	0	0
100	306	0	0	0.000000	2.133987	2.133987	0.000000	0.000000	0.000000	0.000000	0.000000	0.000000	0	0	0	0	0
101	190	0	0	0.000000	1.263158	1.263158	0.000000	0.000000	0.000000	0.000000	0.000000	0.000000	0	0	0	0	0
102	225	0	0	0.000000	1.506667	1.506667	0.000000	0.000000	0.000000	0.000000	0.000000	0.000000	0	0	0	0	0
103	247	0	0	0.000000	2.704453	2.704453	0.000000	0.000000	0.000000	0.000000	0.000000	0.000000	0	0	0	0	0
104	304	0	0	0.000000	2.401316	2.401316	0.000000	0.000000	0.000000	0.000000	0.000000	0.000000	0	0	0	0	0
105	297	0	0	0.000000	2.313131	2.313131	0.000000	0.000000	0.000000	0.000000	0.000000	0.000000	0	0	0	0	0
106	103	0	0	0.000000	1.650485	1.650485	0.000000	0.000000	0.000000	0.000000	0.000000	0.000000	0	0	0	0	0
107	271	0	0	0.000000	1.583026	1.583026	0.000000	0.000000	0.000000	0.000000	0.000000	0.000000	0	0	0	0	0
108	44	0	0	0.000000	2.000000	2.000000	0.000000	0.000000	0.000000	0.000000	0.000000	0.000000	0	0	0	0	0
109	30	0	2	0.000000	1.766667	1.766667	0.000000	0.000000	0.000000	0.000000	0.000000	0.000000	0	0	0	0	0
110	86	0	0	0.000000	1.744186	1.744186	0.000000	0.000000	0.000000	0.000000	0.000000	0.000000	0	0	0	0	0
111	92	1	0	0.000000	2.445652	2.445652	0.000000	0.000000	0.000000	0.000000	0.000000	0.000000	0	0	0	0	0
112	229	0	0	0.000000	1.855895	1.855895	0.000000	0.000000	0.000000	0.000000	0.000000	0.000000	0	0	0	0	0
113	161	1	1	0.000000	2.024845	2.024845	0.000000	0.000000	0.000000	0.000000	0.000000	0.000000	0	0	0	0	0
114	358	0	0	0.000000	1.888268	1.888268	0.000000	0.000000	0.000000	0.000000	0.000000	0.000000	0	0	0	0	0
115	238	0	0	0.000000	1.882353	1.882353	0.000000	0.000000	0.000000	0.000000	0.000000	0.000000	0	0	0	0	0
116	88	0	0	0.000000	1.193182	1.193182	0.000000	0.000000	0.000000	0.000000	0.000000	0.000000	0	0	0	0	0
117	722	0	1	0.000000	2.238227	2.238227	0.000000	0.000000	0.000000	0.000000	0.000000	0.000000	0	0	0	0	0
118	167	1	0	0.000000	1.868263	1.868263	0.000000	0.000000	0.000000	0.000000	0.000000	0.000000	0	0	0	0	0
119	337	0	0	0.000000	1.786350	1.786350	0.000000	0.000000	0.000000	0.000000	0.000000	0.000000	0	0	0	0	0
120	122	0	0	0.000000	2.114754	2.114754	0.000000	0.000000	0.000000	0.000000	0.000000	0.000000	0	0	0	0	0
121	109	1	0	0.000000	3.174312	3.174312	0.000000	0.000000	0.000000	0.000000	0.000000	0.000000	0	0	0	0	0
122	86	0	0	0.000000	2.000000	2.000000	0.000000	0.000000	0.000000	0.000000	0.000000	0.000000	0	0	0	0	0
123	86	0	0	0.000000	2.848837	2.848837	0.000000	0.000000	0.000000	0.000000	0.000000	0.000000	0	0	0	0	0
124	31	0	0	0.000000	1.354839	1.354839	0.000000	0.000000	0.000000	0.000000	0.000000	0.000000	0	0	0	0	0
125	275	0	0	0.000000	1.600000	1.600000	0.000000	0.000000	0.000000	0.000000	0.000000	0.000000	0	0	0	0	0
126	228	0	0	0.000000	1.763158	1.763158	0.000000	0.000000	0.000000	0.000000	0.000000	0.000000	0	0	0	0	0
127	248	0	0	0.000000	2.693548	2.693548	0.000000	0.000000	0.000000	0.000000	0.000000	0.000000	0	0	0	0	0
128	86	0	0	0.000000	1.953488	1.953488	0.000000	0.000000	0.000000	0.000000	0.000000	0.000000	0	0	0	0	0
129	86	0	0	0.000000	1.941860	1.941860	0.000000	0.000000	0.000000	0.000000	0.000000	0.000000	0	0	0	0	0
130	221	0	0	0.000000	2.072398	2.072398	0.000000	0.000000	0.000000	0.000000	0.000000	0.000000	0	0	0	0	0
131	245	0	0	0.000000	2.330612	2.330612	0.000000	0.000000	0.000000	0.000000	0.000000	0.000000	0	0	0	0	0
132	195	0	0	0.000000	1.764103	1.764103	0.000000	0.000000	0.000000	0.000000	0.000000	0.000000	0	0	0	0	0
133	65	0	0	0.000000	1.784615	1.784615	0.000000	0.000000	0.000000	0.000000	0.000000	0.000000	0	0	0	0	0
134	305	0	0	0.000000	2.488525	2.488525	0.000000	0.000000	0.000000	0.000000	0.000000	0.000000	0	0	0	0	0
135	80	0	0	0.000000	1.700000	1.700000	0.000000	0.000000	0.000000	0.000000	0.000000	0.000000	0	0	0	0	0
136	115	0	0	0.000000	2.791304	2.791304	0.000000	0.000000	0.000000	0.000000	0.000000	0.000000	0	0	0	0	0
137	327	0	0	0.000000	3.131498	3.131498	0.000000	0.000000	0.000000	0.000000	0.000000	0.000000	0	0	0	0	0
138	15	1	1	0.000000	4.333333	4.333333	0.000000	0.000000	0.000000	0.000000	0.000000	0.000000	0	0	0	0	0
139	245	2	2	0.000000	11.081633	11.081633	0.000000	0.000000	0.000000	0.000000	0.000000	0.000000	0	0	0	0	0
140	221	0	0	0.000000	2.393665	2.393665	0.000000	0.000000	0.000000	0.000000	0.000000	0.000000	0	0	0	0	0
141	81	0	0	0.000000	1.703704	1.703704	0.000000	0.000000	0.000000	0.000000	0.000000	0.000000	0	0	0	0	0
142	437	0	0	0.000000	2.913043	2.913043	0.000000	0.000000	0.000000	0.000000	0.000000	0.000000	0	0	0	0	0
143	77	1	0	0.000000	1.454545	1.454545	0.000000	0.000000	0.000000	0.000000	0.000000	0.000000	0	0	0	0	0
144	2	2	2	0.000000	4.000000	4.000000	0.000000	0.000000	0.000000	0.000000	0.000000	0.000000	0	0	0	0	0
145	179	0	1	0.000000	1.737430	1.737430	0.000000	0.000000	0.000000	0.000000	0.000000	0.000000	0	0	0	0	0
146	79	0	0	0.000000	1.962025	1.962025	0.000000	0.000000	0.000000	0.000000	0.000000	0.000000	0	0	0	0	0
147	249	0	0	0.000000	1.578313	1.578313	0.000000	0.000000	0.000000	0.000000	0.000000	0.000000	0	0	0	0	0
148	321	0	0	0.000000	3.109034	3.109034	0.000000	0.000000	0.000000	0.000000	0.000000	0.000000	0	0	0	0	0
149	321	0	1	0.000000	2.389408	2.389408	0.000000	0.000000	0.000000	0.000000	0.000000	0.000000	0	0	0	0	0
150	15	1	1	0.000000	5.000000	5.000000	0.000000	0.000000	0.000000	0.000000	0.000000	0.000000	0	0	0	0	0
151	126	0	2	0.000000	3.095238	3.095238	0.000000	0.000000	0.000000	0.000000	0.000000	0.000000	0	0	0	0	0
152	86	0	0	0.000000	1.604651	1.604651	0.000000	0.000000	0.000000	0.000000	0.000000	0.000000	0	0	0	0	0
153	129	0	0	0.000000	3.139535	3.139535	0.000000	0.000000	0.000000	0.000000	0.000000	0.000000	0	0	0	0	0
154	65	0	0	0.000000	2.000000	2.000000	0.000000	0.000000	0.000000	0.000000	0.000000	0.000000	0	0	0	0	0
155	301	0	0	0.000000	2.674419	2.674419	0.000000	0.000000	0.000000	0.000000	0.000000	0.000000	0	0	0	0	0
156	18	1	1	0.000000	11.944444	11.944444	0.000000	0.000000	0.000000	0.000000	0.000000	0.000000	0	0	0	0	0
157	33	2	2	0.000000	8.727273	8.727273	0.000000	0.000000	0.000000	0.000000	0.000000	0.000000	0	0	0	0	0
158	267	2	2	0.000000	9.022472	8.910112	0.000000	0.000000	0.000000	0.000000	0.000000	0.000000	0	0	0	0	0
159	252	0	0	0.000000	2.384921	2.384921	0.000000	0.000000	0.000000	0.000000	0.000000	0.000000	0	0	0	0	0
160	472	0	0	0.000000	2.533898	2.533898	0.000000	0.000000	0.000000	0.000000	0.000000	0.000000	0	0	0	0	0
161	359	0	0	0.000000	2.189415	2.189415	0.000000	0.000000	0.000000	0.000000	0.000000	0.000000	0	0	0	0	0
162	520	0	0	0.000000	3.076923	3.076923	0.000000	0.000000	0.000000	0.000000	0.000000	0.000000	0	0	0	0	0
163	160	0	0	0.000000	2.056250	2.056250	0.000000	0.000000	0.000000	0.000000	0.000000	0.000000	0	0	0	0	0
164	338	0	0	0.000000	2.168639	2.168639	0.000000	0.000000	0.000000	0.000000	0.000000	0.000000	0	0	0	0	0
165	268	0	1	0.000000	2.529851	2.529851	0.000000	0.000000	0.000000	0.000000	0.000000	0.000000	0	0	0	0	0
166	108	0	0	0.000000	3.111111	3.111111	0.000000	0.000000	0.000000	0.000000	0.000000	0.000000	0	0	0	0	0
167	265	2	0	0.000000	2.064151	2.064151	0.000000	0.000000	0.000000	0.000000	0.000000	0.000000	0	0	0	0	0
168	86	0	0	0.000000	2.581395	2.581395	0.000000	0.000000	0.000000	0.000000	0.000000	0.000000	0	0	0	0	0
169	101	0	0	0.000000	1.623762	1.623762	0.000000	0.000000	0.000000	0.000000	0.000000	0.000000	0	0	0	0	0
170	294	0	0	0.000000	2.010204	2.010204	0.000000	0.000000	0.000000	0.000000	0.000000	0.000000	0	0	0	0	0
171	327	0	0	0.000000	2.119266	2.119266	0.000000	0.000000	0.000000	0.000000	0.000000	0.000000	0	0	0	0	0
172	345	0	0	0.000000	1.797101	1.797101	0.000000	0.000000	0.000000	0.000000	0.000000	0.000000	0	0	0	0	0
173	234	0	0	0.000000	1.525641	1.525641	0.000000	0.000000	0.000000	0.000000	0.000000	0.000000	0	0	0	0	0
174	66	0	0	0.000000	1.742424	1.742424	0.000000	0.000000	0.000000	0.000000	0.000000	0.000000	0	0	0	0	0
175	284	0	0	0.000000	1.922535	1.922535	0.000000	0.000000	0.000000	0.000000	0.000000	0.000000	0	0	0	0	0
176	193	1	0	0.000000	1.746114	1.746114	0.000000	0.000000	0.000000	0.000000	0.000000	0.000000	0	0	0	0	0
177	3	2	2	0.000000	5.000000	5.000000	0.000000	0.000000	0.000000	0.000000	0.000000	0.000000	0	0	0	0	0
178	66	0	0	0.000000	1.606061	1.606061	0.000000	0.000000	0.000000	0.000000	0.000000	0.000000	0	0	0	0	0
179	33	0	2	0.000000	3.848485	3.848485	0.000000	0.000000	0.000000	0.000000	0.000000	0.000000	0	0	0	0	0
180	217	0	0	0.000000	3.423963	3.423963	0.000000	0.000000	0.000000	0.000000	0.000000	0.000000	0	0	0	0	0
181	555	0	0	0.000000	2.551351	2.551351	0.000000	0.000000	0.000000	0.000000	0.000000	0.000000	0	0	0	0	0
182	280	2	0	0.000000	2.953571	2.953571	0.000000	0.000000	0.000000	0.000000	0.000000	0.000000	0	0	0	0	0
183	61	0	0	0.000000	2.000000	2.000000	0.000000	0.000000	0.000000	0.000000	0.000000	0.000000	0	0	0	0	0
184	260	0	0	0.000000	1.596154	1.596154	0.000000	0.000000	0.000000	0.000000	0.000000	0.000000	0	0	0	0	0
185	257	0	0	0.000000	1.338521	1.338521	0.000000	0.000000	0.000000	0.000000	0.000000	0.000000	0	0	0	0	0
186	80	0	0	0.000000	2.000000	2.000000	0.000000	0.000000	0.000000	0.000000	0.000000	0.000000	0	0	0	0	0
187	68	0	0	0.000000	1.205882	1.205882	0.000000	0.000000	0.000000	0.000000	0.000000	0.000000	0	0	0	0	0
188	15	1	1	0.000000	1.733333	1.733333	0.000000	0.000000	0.000000	0.000000	0.000000	0.000000	0	0	0	0	0
189	88	0	0	0.000000	3.738636	3.738636	0.000000	0.000000	0.000000	0.000000	0.000000	0.000000	0	0	0	0	0
190	250	0	0	0.000000	1.436000	1.436000	0.000000	0.000000	0.000000	0.000000	0.000000	0.000000	0	0	0	0	0
191	108	0	0	0.000000	1.462963	1.462963	0.000000	0.000000	0.000000	0.000000	0.000000	0.000000	0	0	0	0	0
192	69	0	0	0.000000	2.739130	2.739130	0.000000	0.000000	0.000000	0.000000	0.000000	0.000000	0	0	0	0	0
193	255	0	0	0.000000	3.003922	3.003922	0.000000	0.000000	0.000000	0.000000	0.000000	0.000000	0	0	0	0	0
194	15	2	1	0.000000	3.000000	3.000000	0.000000	0.000000	0.000000	0.000000	0.000000	0.000000	0	0	0	0	0
195	3	2	2	0.000000	6.666667	6.666667	0.000000	0.000000	0.000000	0.000000	0.000000	0.000000	0	0	0	0	0
196	12	1	1	0.000000	3.166667	3.166667	0.000000	0.000000	0.000000	0.000000	0.000000	0.000000	0	0	0	0	0
197	190	2	1	0.000000	2.305263	2.305263	0.000000	0.000000	0.000000	0.000000	0.000000	0.000000	0	0	0	0	0
198	86	0	0	0.000000	2.255814	2.255814	0.000000	0.000000	0.000000	0.000000	0.000000	0.000000	0	0	0	0	0
199	298	2	1	0.000000	1.795302	1.795302	0.000000	0.000000	0.000000	0.000000	0.000000	0.000000	0	0	0	0	0
200	156	0	1	0.000000	1.730769	1.730769	0.000000	0.000000	0.000000	0.000000	0.000000	0.000000	0	0	0	0	0
201	86	0	0	0.000000	2.348837	2.348837	0.000000	0.000000	0.000000	0.000000	0.000000	0.000000	0	0	0	0	0
202	53	0	0	0.000000	2.415094	2.415094	0.000000	0.000000	0.000000	0.000000	0.000000	0.000000	0	0	0	0	0
203	88	0	0	0.000000	1.931818	1.931818	0.000000	0.000000	0.000000	0.000000	0.000000	0.000000	0	0	0	0	0
204	49	1	1	0.000000	2.530612	2.530612	0.000000	0.000000	0.000000	0.000000	0.000000	0.000000	0	0	0	0	0
205	115	0	1	0.000000	2.052174	2.052174	0.000000	0.000000	0.000000	0.000000	0.000000	0.000000	0	0	0	0	0
206	315	0	0	0.000000	2.142857	2.142857	0.000000	0.000000	0.000000	0.000000	0.000000	0.000000	0	0	0	0	0
207	205	0	0	0.000000	1.258537	1.258537	0.000000	0.000000	0.000000	0.000000	0.000000	0.000000	0	0	0	0	0
208	277	0	0	0.000000	2.057762	2.057762	0.000000	0.000000	0.000000	0.000000	0.000000	0.000000	0	0	0	0	0
209	107	0	0	0.000000	2.719626	2.719626	0.000000	0.000000	0.000000	0.000000	0.000000	0.000000	0	0	0	0	0
210	86	0	0	0.000000	2.220930	2.220930	0.000000	0.000000	0.000000	0.000000	0.000000	0.000000	0	0	0	0	0
211	209	0	0	0.000000	1.894737	1.894737	0.000000	0.000000	0.000000	0.000000	0.000000	0.000000	0	0	0	0	0
212	102	0	0	0.000000	3.578431	3.578431	0.000000	0.000000	0.000000	0.000000	0.000000	0.000000	0	0	0	0	0
213	82	0	0	0.000000	1.292683	1.292683	0.000000	0.000000	0.000000	0.000000	0.000000	0.000000	0	0	0	0	0
214	86	0	0	0.000000	2.430233	2.430233	0.000000	0.000000	0.000000	0.000000	0.000000	0.000000	0	0	0	0	0
215	98	0	0	0.000000	2.459184	2.459184	0.000000	0.000000	0.000000	0.000000	0.000000	0.000000	0	0	0	0	0
216	334	0	0	0.000000	2.392216	2.392216	0.000000	0.000000	0.000000	0.000000	0.000000	0.000000	0	0	0	0	0
217	15	1	1	0.000000	1.866667	1.866667	0.000000	0.000000	0.000000	0.000000	0.000000	0.000000	0	0	0	0	0
218	91	0	0	0.000000	1.406593	1.406593	0.000000	0.000000	0.000000	0.000000	0.000000	0.000000	0	0	0	0	0
219	86	0	0	0.000000	1.744186	1.744186	0.000000	0.000000	0.000000	0.000000	0.000000	0.000000	0	0	0	0	0
220	81	0	0	0.000000	1.765432	1.765432	0.000000	0.000000	0.000000	0.000000	0.000000	0.000000	0	0	0	0	0
221	86	0	0	0.000000	2.360465	2.360465	0.000000	0.000000	0.000000	0.000000	0.000000	0.000000	0	0	0	0	0
222	86	0	0	0.000000	2.546512	2.546512	0.000000	0.000000	0.000000	0.000000	0.000000	0.000000	0	0	0	0	0
223	86	0	1	0.000000	2.465116	2.465116	0.000000	0.000000	0.000000	0.000000	0.000000	0.000000	0	0	0	0	0
224	41	1	0	0.000000	1.000000	1.000000	0.000000	0.000000	0.000000	0.000000	0.000000	0.000000	0	0	0	0	0
225	120	0	0	0.000000	1.433333	1.433333	0.000000	0.000000	0.000000	0.000000	0.000000	0.000000	0	0	0	0	0
226	106	0	0	0.000000	1.981132	1.981132	0.000000	0.000000	0.000000	0.000000	0.000000	0.000000	0	0	0	0	0
227	131	0	0	0.000000	2.854962	2.854962	0.000000	0.000000	0.000000	0.000000	0.000000	0.000000	0	0	0	0	0
228	86	0	0	0.000000	1.883721	1.883721	0.000000	0.000000	0.000000	0.000000	0.000000	0.000000	0	0	0	0	0
229	20	1	1	0.000000	1.850000	1.850000	0.000000	0.000000	0.000000	0.000000	0.000000	0.000000	0	0	0	0	0
230	358	0	0	0.000000	2.145251	2.145251	0.000000	0.000000	0.000000	0.000000	0.000000	0.000000	0	0	0	0	0
231	213	0	0	0.000000	1.929577	1.929577	0.000000	0.000000	0.000000	0.000000	0.000000	0.000000	0	0	0	0	0
232	68	1	1	0.000000	2.735294	2.735294	0.000000	0.000000	0.000000	0.000000	0.000000	0.000000	0	0	0	0	0
233	49	1	0	0.000000	1.000000	1.000000	0.000000	0.000000	0.000000	0.000000	0.000000	0.000000	0	0	0	0	0
234	83	0	0	0.000000	1.445783	1.445783	0.000000	0.000000	0.000000	0.000000	0.000000	0.000000	0	0	0	0	0
235	86	0	0	0.000000	2.000000	2.000000	0.000000	0.000000	0.000000	0.000000	0.000000	0.000000	0	0	0	0	0
236	89	0	0	0.000000	1.932584	1.932584	0.000000	0.000000	0.000000	0.000000	0.000000	0.000000	0	0	0	0	0
237	263	0	0	0.000000	1.961977	1.961977	0.000000	0.000000	0.000000	0.000000	0.000000	0.000000	0	0	0	0	0
238	123	2	0	0.000000	1.650407	1.650407	0.000000	0.000000	0.000000	0.000000	0.000000	0.000000	0	0	0	0	0
239	74	0	0	0.000000	1.891892	1.891892	0.000000	0.000000	0.000000	0.000000	0.000000	0.000000	0	0	0	0	0
240	138	0	0	0.000000	3.391304	3.391304	0.000000	0.000000	0.000000	0.000000	0.000000	0.000000	0	0	0	0	0
241	102	0	0	0.000000	1.558824	1.558824	0.000000	0.000000	0.000000	0.000000	0.000000	0.000000	0	0	0	0	0
242	99	1	0	0.000000	2.434343	2.434343	0.000000	0.000000	0.000000	0.000000	0.000000	0.000000	0	0	0	0	0
243	3	2	2	0.000000	6.000000	6.000000	0.000000	0.000000	0.000000	0.000000	0.000000	0.000000	0	0	0	0	0
244	46	0	1	0.000000	2.739130	2.739130	0.000000	0.000000	0.000000	0.000000	0.000000	0.000000	0	0	0	0	0
245	191	0	1	0.000000	4.392670	4.392670	0.000000	0.000000	0.000000	0.000000	0.000000	0.000000	0	0	0	0	0
246	30	0	0	0.000000	2.000000	2.000000	0.000000	0.000000	0.000000	0.000000	0.000000	0.000000	0	0	0	0	0
247	101	2	0	0.000000	1.801980	1.801980	0.000000	0.000000	0.000000	0.000000	0.000000	0.000000	0	0	0	0	0
248	90	0	0	0.000000	3.000000	3.000000	0.000000	0.000000	0.000000	0.000000	0.000000	0.000000	0	0	0	0	0
249	51	0	0	0.000000	1.313725	1.313725	0.000000	0.000000	0.000000	0.000000	0.000000	0.000000	0	0	0	0	0
250	47	0	0	0.000000	2.000000	2.000000	0.000000	0.000000	0.000000	0.000000	0.000000	0.000000	0	0	0	0	0
251	39	0	0	0.000000	2.000000	2.000000	0.000000	0.000000	0.000000	0.000000	0.000000	0.000000	0	0	0	0	0
252	90	0	0	0.000000	2.633333	2.633333	0.000000	0.000000	0.000000	0.000000	0.000000	0.000000	0	0	0	0	0
253	86	0	0	0.000000	2.767442	2.767442	0.000000	0.000000	0.000000	0.000000	0.000000	0.000000	0	0	0	0	0
254	105	0	0	0.000000	2.742857	2.742857	0.000000	0.000000	0.000000	0.000000	0.000000	0.000000	0	0	0	0	0
255	73	0	0	0.000000	2.000000	2.000000	0.000000	0.000000	0.000000	0.000000	0.000000	0.000000	0	0	0	0	0
256	16	1	2	0.000000	3.937500	3.937500	0.000000	0.000000	0.000000	0.000000	0.000000	0.000000	0	0	0	0	0
257	1	2	2	0.000000	6.000000	6.000000	0.000000	0.000000	0.000000	0.000000	0.000000	0.000000	0	0	0	0	0
258	25	1	1	0.000000	3.320000	2.760000	0.000000	0.000000	0.000000	0.000000	0.000000	0.000000	0	0	0	0	0
259	24	2	2	0.000000	5.166667	5.083333	0.000000	0.000000	0.000000	0.000000	0.000000	0.000000	0	0	0	0	0
260	108	0	0	0.000000	2.990741	2.990741	0.000000	0.000000	0.000000	0.000000	0.000000	0.000000	0	0	0	0	0
261	89	0	0	0.000000	1.932584	1.932584	0.000000	0.000000	0.000000	0.000000	0.000000	0.000000	0	0	0	0	0
262	39	0	0	0.000000	1.846154	1.846154	0.000000	0.000000	0.000000	0.000000	0.000000	0.000000	0	0	0	0	0
263	49	0	0	0.000000	2.000000	2.000000	0.000000	0.000000	0.000000	0.000000	0.000000	0.000000	0	0	0	0	0
264	86	0	0	0.000000	1.860465	1.860465	0.000000	0.000000	0.000000	0.000000	0.000000	0.000000	0	0	0	0	0
265	87	0	0	0.000000	3.505747	3.505747	0.000000	0.000000	0.000000	0.000000	0.000000	0.000000	0	0	0	0	0
266	86	0	0	0.000000	1.023256	1.023256	0.000000	0.000000	0.000000	0.000000	0.000000	0.000000	0	0	0	0	0
267	89	0	0	0.000000	1.943820	1.943820	0.000000	0.000000	0.000000	0.000000	0.000000	0.000000	0	0	0	0	0
268	75	0	0	0.000000	1.986667	1.986667	0.000000	0.000000	0.000000	0.000000	0.000000	0.000000	0	0	0	0	0
269	43	0	0	0.000000	2.000000	2.000000	0.000000	0.000000	0.000000	0.000000	0.000000	0.000000	0	0	0	0	0
270	86	0	0	0.000000	1.965116	1.965116	0.000000	0.000000	0.000000	0.000000	0.000000	0.000000	0	0	0	0	0
271	91	0	1	0.000000	1.208791	1.208791	0.000000	0.000000	0.000000	0.000000	0.000000	0.000000	0	0	0	0	0
272	84	0	0	0.000000	2.011905	2.011905	0.000000	0.000000	0.000000	0.000000	0.000000	0.000000	0	0	0	0	0
273	99	0	0	0.000000	3.191919	3.191919	0.000000	0.000000	0.000000	0.000000	0.000000	0.000000	0	0	0	0	0
274	100	0	0	0.000000	3.180000	3.180000	0.000000	0.000000	0.000000	0.000000	0.000000	0.000000	0	0	0	0	0
275	86	0	0	0.000000	1.581395	1.581395	0.000000	0.000000	0.000000	0.000000	0.000000	0.000000	0	0	0	0	0
276	106	0	0	0.000000	3.132075	3.132075	0.000000	0.000000	0.000000	0.000000	0.000000	0.000000	0	0	0	0	0
277	57	0	0	0.000000	2.000000	2.000000	0.000000	0.000000	0.000000	0.000000	0.000000	0.000000	0	0	0	0	0
278	86	0	0	0.000000	3.174419	3.174419	0.000000	0.000000	0.000000	0.000000	0.000000	0.000000	0	0	0	0	0
279	19	1	1	0.000000	2.947368	2.947368	0.000000	0.000000	0.000000	0.000000	0.000000	0.000000	0	0	0	0	0
280	59	1	1	0.000000	1.050847	1.050847	0.000000	0.000000	0.000000	0.000000	0.000000	0.000000	0	0	0	0	0
281	41	0	0	0.000000	2.000000	2.000000	0.000000	0.000000	0.000000	0.000000	0.000000	0.000000	0	0	0	0	0
282	86	0	0	0.000000	1.593023	1.593023	0.000000	0.000000	0.000000	0.000000	0.000000	0.000000	0	0	0	0	0
283	86	0	0	0.000000	2.139535	2.139535	0.000000	0.000000	0.000000	0.000000	0.000000	0.000000	0	0	0	0	0
284	86	0	0	0.000000	2.000000	2.000000	0.000000	0.000000	0.000000	0.000000	0.000000	0.000000	0	0	0	0	0
285	79	0	0	0.000000	1.962025	1.962025	0.000000	0.000000	0.000000	0.000000	0.000000	0.000000	0	0	0	0	0
286	72	0	0	0.000000	1.944444	1.944444	0.000000	0.000000	0.000000	0.000000	0.000000	0.000000	0	0	0	0	0
287	44	0	0	0.000000	1.909091	1.909091	0.000000	0.000000	0.000000	0.000000	0.000000	0.000000	0	0	0	0	0
288	18	1	1	0.000000	5.000000	5.000000	0.000000	0.000000	0.000000	0.000000	0.000000	0.000000	0	0	0	0	0
289	1	2	2	0.000000	8.000000	8.000000	0.000000	0.000000	0.000000	0.000000	0.000000	0.000000	0	0	0	0	0
290	69	0	0	0.000000	1.797101	1.797101	0.000000	0.000000	0.000000	0.000000	0.000000	0.000000	0	0	0	0	0
291	89	0	0	0.000000	2.719101	2.719101	0.000000	0.000000	0.000000	0.000000	0.000000	0.000000	0	0	0	0	0
292	39	0	0	0.000000	2.000000	2.000000	0.000000	0.000000	0.000000	0.000000	0.000000	0.000000	0	0	0	0	0
293	34	0	0	0.000000	1.882353	1.882353	0.000000	0.000000	0.000000	0.000000	0.000000	0.000000	0	0	0	0	0
294	68	0	0	0.000000	2.000000	2.000000	0.000000	0.000000	0.000000	0.000000	0.000000	0.000000	0	0	0	0	0
295	54	0	0	0.000000	1.722222	1.722222	0.000000	0.000000	0.000000	0.000000	0.000000	0.000000	0	0	0	0	0
296	188	0	0	0.000000	2.691489	2.691489	0.000000	0.000000	0.000000	0.000000	0.000000	0.000000	0	0	0	0	0
297	81	0	0	0.000000	2.000000	2.000000	0.000000	0.000000	0.000000	0.000000	0.000000	0.000000	0	0	0	0	0
298	54	0	0	0.000000	2.000000	2.000000	0.000000	0.000000	0.000000	0.000000	0.000000	0.000000	0	0	0	0	0
299	104	0	0	0.000000	2.307692	2.307692	0.000000	0.000000	0.000000	0.000000	0.000000	0.000000	0	0	0	0	0
300	65	0	0	0.000000	2.000000	2.000000	0.000000	0.000000	0.000000	0.000000	0.000000	0.000000	0	0	0	0	0
301	33	0	0	0.000000	1.515152	1.515152	0.000000	0.000000	0.000000	0.000000	0.000000	0.000000	0	0	0	0	0
302	35	1	0	0.000000	1.000000	1.000000	0.000000	0.000000	0.000000	0.000000	0.000000	0.000000	0	0	0	0	0
303	84	0	0	0.000000	1.785714	1.785714	0.000000	0.000000	0.000000	0.000000	0.000000	0.000000	0	0	0	0	0
304	86	0	0	0.000000	1.813953	1.813953	0.000000	0.000000	0.000000	0.000000	0.000000	0.000000	0	0	0	0	0
305	86	0	0	0.000000	1.500000	1.500000	0.000000	0.000000	0.000000	0.000000	0.000000	0.000000	0	0	0	0	0
306	84	0	0	0.000000	2.000000	2.000000	0.000000	0.000000	0.000000	0.000000	0.000000	0.000000	0	0	0	0	0
307	61	0	1	0.000000	2.000000	2.000000	0.000000	0.000000	0.000000	0.000000	0.000000	0.000000	0	0	0	0	0
308	109	0	0	0.000000	1.577982	1.577982	0.000000	0.000000	0.000000	0.000000	0.000000	0.000000	0	0	0	0	0
309	86	0	0	0.000000	1.825581	1.825581	0.000000	0.000000	0.000000	0.000000	0.000000	0.000000	0	0	0	0	0
310	66	0	0	0.000000	2.000000	2.000000	0.000000	0.000000	0.000000	0.000000	0.000000	0.000000	0	0	0	0	0
311	73	0	0	0.000000	2.000000	2.000000	0.000000	0.000000	0.000000	0.000000	0.000000	0.000000	0	0	0	0	0
312	77	0	0	0.000000	2.000000	2.000000	0.000000	0.000000	0.000000	0.000000	0.000000	0.000000	0	0	0	0	0
